2
8
9
10
14
17
18
20
21
24
26
30
34
35
36
39
40
42
43
45
46
49
50
54
55
56
60
61
63
64
66
67
72
74
78
79
82
85
88
91
93
94
97
99
100
103
104
105
111
113
115
119
122
125
126
129
133
134
136
137
141
144
145
151
153
155
156
160
161
162
164
165
166
167
169
171
173
174
176
177
178
179
180
182
185
187
196
197
198
200
201
202
203
205
207
208
210
211
212
213
214
215
216
217
219
220
222
227
236
238
239
240
241
242
243
244
247
250
253
256
259
261
262
263
265
266
267
269
271
273
277
278
279
280
282
285
286
287
288
291
293
296
301
305
308
309
313
314
316
317
318
319
320
322
324
325
326
327
330
331
332
333
334
335
336
337
338
339
340
343
346
349
351
353
355
356
357
358
359
362
363
367
372
373
375
376
381
383
386
388
389
390
391
392
393
394
395
396
399
400
403
404
405
407
410
412
413
414
417
420
421
427
428
429
430
431
433
435
439
440
443
444
445
446
447
448
451
454
456
458
464
465
467
478
479
482
483
485
486
487
489
490
492
495
496
497
498
501
503
507
510
511
515
516
517
523
531
532
533
534
535
536
537
538
540
549
550
552
553
558
559
563
565
568
569
571
573
575
577
578
579
580
582
583
588
589
593
596
597
600
601
602
606
608
609
612
613
614
617
620
621
625
627
629
630
631
632
637
638
639
640
641
642
643
646
650
653
654
655
656
657
659
661
664
669
671
681
683
686
690
691
692
693
695
697
698
699
702
703
706
709
710
711
712
713
719
720
721
722
723
725
726
727
728
733
734
737
739
741
742
777
846
848
853
856
857
858
863
866
874
877
880
882
883
885
887
888
889
890
892
894
895
897
898
899
905
906
909
912
914
915
918
920
922
923
924
925
926
929
935
937
949
962
963
968
970
971
972
974
979
980
981
984
985
986
987
988
992
993
995
1003
1010
1011
1012
1014
1016
1017
1020
1023
1026
1027
1028
1029
1032
1034
1039
1040
1041
1043
1045
1046
1049
1052
1057
1059
1060
1061
1062
1063
1064
1065
1073
1074
1076
1080
1081
1085
1088
1089
1093
1096
1097
1098
1102
1106
1113
1114
1126
1129
1130
1131
1133
1134
1140
1145
1146
1147
1148
1149
1150
1153
1157
1159
1163
1166
1168
1169
1171
1175
1176
1182
1183
1187
1188
1194
1199
1205
1210
1213
1223
1225
1228
1229
1232
1236
1240
1242
1246
1247
1250
1252
1253
1258
1259
1260
1262
1263
1264
1267
1270
1272
1280
1287
1289
1290
1295
1299
1302
1307
1308
1310
1311
1313
1315
1319
1320
1321
1322
1323
1324
1326
1327
1328
1330
1331
1336
1340
1347
1352
1363
1370
1372
1374
1375
1377
1383
1384
1385
1401
1402
1405
1413
1416
1420
1424
1428
1429
1431
1433
1434
1436
1439
1440
1443
1445
1447
1454
1456
1461
1465
1466
1469
1471
1474
1482
1483
1487
1489
1490
1491
1494
1507
1509
1511
1514
1516
1517
1518
1525
1527
1529
1531
1532
1539
1546
1551
1554
1555
1557
1560
1563
1566
1568
1570
1573
1575
1576
1579
1582
1583
1589
1619
1620
1621
1622
1623
1625
1636
1637
1639
1643
1648
1651
1658
1662
1663
1664
1665
1670
1675
1676
1679
1681
1683
1687
1688
1689
1690
1696
1698
1700
1701
1706
1709
1710
1711
1712
1713
1714
1715
1721
1722
1724
1727
1729
1737
1740
1741
1746
1747
1752
1753
1754
1758
1760
1762
1764
1767
1769
1770
1774
1777
1780
1782
1785
1794
1795
1814
1818
1877
1878
