1 -1 8 19 14 10 24 4 -1 2 -1 8 19 14 10 24 4 -1 3 -1 8 19 14 9 24 4 -1 4 -1 8 18 14 9 24 4 -1 -2
1 -1 8 18 14 11 24 4 -1 2 -1 8 17 13 11 24 4 -1 -2
1 -1 8 18 14 9 24 4 -1 2 -1 8 17 14 10 24 4 -1 3 -1 8 18 13 9 23 3 -1 4 -1 8 17 14 9 24 4 -1 5 -1 8 17 14 9 23 3 -1 -2
1 -1 7 19 15 11 24 4 -1 2 -1 7 19 14 11 24 4 -1 3 -1 7 19 15 11 23 4 -1 -2
1 -1 7 18 14 9 23 3 -1 2 -1 7 17 13 9 23 3 -1 -2
1 -1 7 18 14 10 24 4 -1 2 -1 7 19 15 10 23 4 -1 3 -1 7 19 15 10 24 4 -1 -2
1 -1 6 18 14 10 24 3 -1 2 -1 6 18 14 10 24 3 -1 3 -1 7 18 13 10 24 3 -1 4 -1 6 17 14 10 24 3 -1 5 -1 6 17 13 9 24 3 -1 -2
1 -1 7 18 13 9 24 3 -1 2 -1 6 17 13 9 24 3 -1 -2
1 -1 7 19 15 11 24 4 -1 2 -1 6 19 15 11 24 4 -1 -2
1 -1 8 18 14 11 24 4 -1 2 -1 8 18 15 11 24 4 -1 3 -1 8 18 14 11 24 4 -1 4 -1 8 18 14 11 24 4 -1 5 -1 8 18 14 10 24 4 -1 -2
1 -1 7 19 15 11 24 4 -1 2 -1 7 19 14 10 23 4 -1 -2
1 -1 8 19 14 11 24 4 -1 2 -1 8 18 14 10 24 4 -1 -2
1 -1 8 19 15 10 24 4 -1 2 -1 8 19 14 10 24 4 -1 3 -1 8 19 14 10 24 4 -1 4 -1 8 19 14 10 24 4 -1 5 -1 8 19 14 9 24 4 -1 -2
1 -1 8 19 14 9 24 4 -1 2 -1 8 19 14 9 24 4 -1 3 -1 8 19 14 9 24 4 -1 4 -1 8 19 14 9 24 4 -1 5 -1 8 19 14 9 24 4 -1 -2
1 -1 8 17 13 9 24 3 -1 2 -1 8 17 13 9 24 3 -1 -2
1 -1 6 19 15 10 24 4 -1 2 -1 6 18 14 10 24 4 -1 3 -1 6 18 14 10 24 4 -1 -2
1 -1 8 18 14 11 23 4 -1 2 -1 8 18 14 11 23 4 -1 3 -1 8 18 14 11 24 4 -1 4 -1 8 18 14 10 24 4 -1 5 -1 8 18 14 10 23 4 -1 -2
1 -1 8 19 14 9 24 4 -1 2 -1 8 19 14 9 24 4 -1 3 -1 8 19 14 9 24 4 -1 4 -1 8 19 14 9 24 4 -1 5 -1 8 19 14 9 23 4 -1 -2
1 -1 7 17 14 10 24 3 -1 2 -1 7 18 13 9 24 3 -1 3 -1 7 18 13 10 24 3 -1 4 -1 7 18 13 9 24 3 -1 5 -1 7 18 13 9 23 3 -1 -2
1 -1 7 19 15 11 23 4 -1 2 -1 7 18 14 10 24 4 -1 3 -1 7 18 14 10 24 4 -1 4 -1 6 18 14 10 24 3 -1 5 -1 6 18 14 9 24 3 -1 -2
1 -1 8 18 14 11 24 4 -1 2 -1 8 17 14 10 24 4 -1 3 -1 8 17 14 10 24 3 -1 4 -1 8 17 13 9 24 3 -1 5 -1 8 17 13 9 24 3 -1 -2
1 -1 8 18 14 11 24 4 -1 2 -1 8 18 14 11 24 4 -1 3 -1 8 18 14 11 24 4 -1 4 -1 8 18 14 11 24 4 -1 5 -1 8 18 14 11 23 4 -1 -2
1 -1 7 18 14 11 24 4 -1 2 -1 8 18 14 11 24 4 -1 3 -1 8 18 14 11 24 4 -1 4 -1 8 17 14 11 24 4 -1 5 -1 8 17 14 10 23 3 -1 -2
1 -1 8 19 15 10 24 4 -1 2 -1 8 18 14 9 24 4 -1 -2
1 -1 7 18 14 10 24 3 -1 2 -1 7 18 14 10 24 3 -1 3 -1 7 18 14 9 24 3 -1 4 -1 7 18 14 10 24 4 -1 5 -1 7 18 14 10 24 4 -1 -2
1 -1 8 18 14 11 24 4 -1 2 -1 8 18 14 11 24 4 -1 -2
1 -1 8 18 14 10 24 4 -1 2 -1 8 18 14 10 23 4 -1 3 -1 7 18 14 10 23 4 -1 4 -1 7 18 14 10 23 4 -1 5 -1 8 18 13 10 23 3 -1 -2
1 -1 8 18 14 11 24 4 -1 2 -1 8 18 14 10 23 4 -1 3 -1 8 17 14 10 23 4 -1 4 -1 7 17 13 9 23 3 -1 -2
1 -1 7 19 15 11 24 4 -1 2 -1 7 18 14 11 23 4 -1 3 -1 7 18 14 11 23 4 -1 4 -1 7 18 14 11 23 4 -1 5 -1 7 18 14 10 23 3 -1 -2
1 -1 7 18 15 10 23 4 -1 2 -1 6 19 15 10 24 4 -1 3 -1 6 18 15 10 23 4 -1 4 -1 6 18 14 10 24 3 -1 5 -1 6 18 14 9 24 3 -1 -2
1 -1 7 18 14 10 24 4 -1 2 -1 7 18 14 10 24 4 -1 3 -1 8 18 14 10 24 4 -1 4 -1 7 18 14 10 23 3 -1 5 -1 7 18 14 10 24 3 -1 -2
1 -1 8 18 14 10 24 4 -1 2 -1 8 18 14 9 24 3 -1 3 -1 8 18 13 9 24 3 -1 -2
1 -1 8 19 15 9 24 4 -1 2 -1 8 19 14 9 24 4 -1 3 -1 8 19 14 9 24 4 -1 4 -1 8 19 14 9 24 4 -1 5 -1 8 19 14 9 24 4 -1 -2
1 -1 8 18 14 11 24 4 -1 2 -1 8 18 14 11 24 4 -1 3 -1 8 18 14 11 24 4 -1 4 -1 8 18 14 11 24 4 -1 5 -1 8 18 14 11 24 4 -1 -2
1 -1 8 19 14 10 24 4 -1 2 -1 8 19 14 10 24 4 -1 3 -1 8 19 14 9 24 4 -1 4 -1 8 19 14 9 24 4 -1 5 -1 8 19 14 9 24 4 -1 -2
1 -1 7 19 15 11 23 4 -1 2 -1 7 19 15 11 24 4 -1 3 -1 6 19 15 11 24 4 -1 -2
1 -1 8 18 14 11 24 4 -1 2 -1 8 18 14 11 24 4 -1 3 -1 8 18 14 11 24 4 -1 4 -1 8 18 14 11 23 4 -1 5 -1 8 18 14 10 24 4 -1 -2
1 -1 8 19 15 10 24 4 -1 2 -1 8 18 14 10 24 4 -1 3 -1 8 17 13 9 24 3 -1 4 -1 7 17 13 9 24 3 -1 -2
1 -1 8 19 14 10 24 4 -1 2 -1 8 19 14 10 24 4 -1 3 -1 8 19 14 10 24 4 -1 4 -1 8 19 14 9 24 4 -1 5 -1 8 18 14 9 24 4 -1 -2
1 -1 8 18 14 10 24 4 -1 2 -1 7 18 14 10 24 4 -1 3 -1 8 18 14 10 24 4 -1 4 -1 8 18 14 10 24 4 -1 5 -1 7 18 14 10 24 4 -1 -2
1 -1 6 19 15 11 24 4 -1 2 -1 6 19 15 11 23 4 -1 3 -1 7 19 15 11 24 4 -1 4 -1 6 19 15 11 24 4 -1 5 -1 5 19 15 11 24 4 -1 -2
1 -1 7 18 15 11 24 4 -1 2 -1 7 18 14 11 24 4 -1 3 -1 6 18 14 11 23 4 -1 4 -1 6 18 14 11 23 4 -1 -2
1 -1 6 19 15 10 23 4 -1 2 -1 5 19 15 10 23 3 -1 3 -1 5 19 14 10 23 3 -1 -2
1 -1 7 18 14 10 23 4 -1 2 -1 7 19 15 10 23 4 -1 -2
1 -1 8 18 14 10 24 4 -1 2 -1 8 18 14 11 24 4 -1 3 -1 8 18 14 10 24 4 -1 4 -1 8 18 14 10 24 4 -1 5 -1 8 18 14 10 23 4 -1 -2
1 -1 7 19 15 11 24 4 -1 2 -1 6 19 15 10 24 4 -1 -2
1 -1 7 18 14 11 24 4 -1 2 -1 7 18 14 11 23 4 -1 3 -1 7 18 14 11 24 4 -1 4 -1 7 18 14 10 24 4 -1 5 -1 7 17 14 10 24 3 -1 -2
1 -1 8 18 14 10 24 4 -1 2 -1 8 18 14 9 24 3 -1 -2
1 -1 8 19 13 9 24 3 -1 2 -1 8 19 13 9 24 3 -1 -2
1 -1 8 18 14 11 24 4 -1 2 -1 8 18 14 10 24 4 -1 3 -1 7 18 13 10 23 3 -1 4 -1 7 17 13 10 23 3 -1 5 -1 7 17 13 9 23 2 -1 -2
1 -1 7 18 15 11 24 4 -1 2 -1 7 18 14 11 24 4 -1 3 -1 7 18 14 11 24 4 -1 4 -1 7 18 14 11 24 4 -1 5 -1 6 18 14 10 23 3 -1 -2
1 -1 8 18 14 11 24 4 -1 2 -1 8 18 14 11 24 4 -1 3 -1 8 18 14 10 24 4 -1 4 -1 8 18 14 11 24 4 -1 5 -1 8 18 14 10 24 4 -1 -2
1 -1 8 19 14 9 24 4 -1 2 -1 8 19 14 9 24 4 -1 3 -1 8 18 14 9 24 4 -1 4 -1 8 18 13 9 24 3 -1 -2
1 -1 8 18 13 10 23 3 -1 2 -1 7 18 13 9 24 3 -1 3 -1 7 18 13 9 24 3 -1 4 -1 7 17 13 9 24 3 -1 5 -1 7 17 13 9 23 3 -1 -2
1 -1 8 18 14 11 24 4 -1 2 -1 8 18 14 11 24 4 -1 3 -1 8 18 14 11 24 4 -1 4 -1 8 18 14 11 24 4 -1 5 -1 8 18 14 11 24 4 -1 -2
1 -1 7 18 14 9 23 3 -1 2 -1 7 17 13 9 24 3 -1 -2
1 -1 8 18 13 9 24 3 -1 2 -1 8 18 13 9 24 3 -1 3 -1 8 18 13 9 24 3 -1 -2
1 -1 7 18 14 10 23 4 -1 2 -1 7 18 14 10 24 4 -1 -2
1 -1 8 19 14 9 24 4 -1 2 -1 8 19 14 9 24 4 -1 3 -1 8 19 13 9 24 4 -1 4 -1 8 19 13 9 24 3 -1 5 -1 8 19 14 9 24 4 -1 -2
1 -1 7 18 14 10 24 4 -1 2 -1 7 18 14 10 24 4 -1 -2
1 -1 7 19 15 11 24 4 -1 2 -1 7 19 15 11 24 4 -1 3 -1 6 19 15 11 24 4 -1 4 -1 6 19 15 10 23 4 -1 5 -1 6 19 15 10 24 4 -1 -2
1 -1 8 17 14 10 24 4 -1 2 -1 8 17 13 10 24 3 -1 3 -1 8 17 13 10 24 3 -1 4 -1 7 18 13 9 24 3 -1 5 -1 7 17 13 9 23 2 -1 -2
1 -1 8 19 14 9 24 4 -1 2 -1 8 18 14 9 24 3 -1 -2
1 -1 6 19 15 11 24 4 -1 2 -1 6 19 15 11 24 4 -1 3 -1 5 19 15 11 24 4 -1 4 -1 5 19 15 10 23 4 -1 5 -1 5 19 14 10 23 3 -1 -2
1 -1 6 18 14 11 24 4 -1 2 -1 6 18 14 10 24 3 -1 3 -1 6 18 14 10 24 3 -1 -2
1 -1 8 18 14 10 24 4 -1 2 -1 8 18 14 10 23 4 -1 3 -1 7 18 14 10 23 4 -1 -2
1 -1 8 17 13 11 24 4 -1 2 -1 8 17 13 11 24 4 -1 3 -1 8 17 13 10 24 3 -1 -2
1 -1 6 18 14 10 23 3 -1 2 -1 7 18 14 10 23 3 -1 3 -1 7 18 14 10 23 4 -1 4 -1 7 18 14 10 23 4 -1 5 -1 7 18 14 10 23 4 -1 -2
1 -1 8 19 15 10 24 4 -1 2 -1 8 19 15 10 24 4 -1 3 -1 8 19 15 10 24 4 -1 4 -1 8 19 15 10 24 4 -1 5 -1 8 19 15 9 24 4 -1 -2
1 -1 8 19 15 10 24 4 -1 2 -1 8 19 14 10 24 4 -1 3 -1 8 18 14 10 24 4 -1 4 -1 8 18 14 10 24 4 -1 5 -1 8 18 14 10 24 4 -1 -2
1 -1 8 19 14 10 23 4 -1 2 -1 8 18 14 10 24 4 -1 3 -1 8 18 14 9 23 3 -1 4 -1 8 17 13 9 24 3 -1 -2
1 -1 7 18 14 9 24 4 -1 2 -1 7 18 14 9 24 3 -1 3 -1 7 18 14 9 24 3 -1 4 -1 7 18 14 9 24 3 -1 5 -1 7 17 14 9 24 3 -1 -2
1 -1 7 19 15 11 24 4 -1 2 -1 7 19 15 11 24 4 -1 -2
1 -1 7 19 14 10 24 4 -1 2 -1 7 18 14 9 24 4 -1 3 -1 7 18 14 9 24 4 -1 4 -1 7 18 14 9 24 3 -1 5 -1 7 18 14 9 24 3 -1 -2
1 -1 8 19 14 10 24 4 -1 2 -1 8 18 14 10 24 4 -1 3 -1 8 18 14 9 24 4 -1 4 -1 8 18 13 10 24 4 -1 5 -1 7 18 13 9 23 3 -1 -2
1 -1 8 19 15 10 24 4 -1 2 -1 8 19 15 10 24 4 -1 3 -1 8 19 14 10 24 4 -1 4 -1 8 19 14 10 24 4 -1 5 -1 8 19 14 10 24 4 -1 -2
1 -1 8 18 15 11 24 4 -1 2 -1 8 18 15 10 24 4 -1 3 -1 8 18 14 10 24 4 -1 4 -1 8 18 14 10 23 4 -1 -2
1 -1 7 18 15 11 24 4 -1 2 -1 7 18 15 11 24 4 -1 3 -1 7 18 15 11 24 4 -1 4 -1 7 18 14 11 24 4 -1 5 -1 7 18 14 10 24 4 -1 -2
1 -1 6 19 15 11 24 4 -1 2 -1 6 19 15 11 24 4 -1 3 -1 6 19 15 11 24 4 -1 -2
1 -1 7 18 14 11 24 4 -1 2 -1 7 18 14 11 24 4 -1 3 -1 7 18 14 11 24 4 -1 4 -1 7 18 14 10 24 4 -1 5 -1 7 18 14 10 24 4 -1 -2
1 -1 7 17 14 10 24 4 -1 2 -1 7 17 14 10 24 3 -1 -2
1 -1 7 19 15 11 24 4 -1 2 -1 6 19 15 11 24 4 -1 -2
1 -1 7 18 14 11 24 4 -1 2 -1 7 18 14 10 23 3 -1 3 -1 6 18 13 10 24 3 -1 4 -1 6 18 13 10 24 3 -1 5 -1 6 17 13 10 24 3 -1 -2
1 -1 7 17 13 9 23 2 -1 2 -1 7 17 13 9 23 2 -1 -2
1 -1 7 19 15 11 24 4 -1 2 -1 7 19 15 11 24 4 -1 3 -1 6 18 15 11 23 4 -1 -2
1 -1 7 18 13 9 23 3 -1 2 -1 7 18 13 9 23 3 -1 -2
1 -1 8 19 14 9 24 4 -1 2 -1 8 18 14 9 24 4 -1 3 -1 8 18 13 9 24 3 -1 -2
1 -1 7 18 14 10 23 3 -1 2 -1 7 17 14 11 24 3 -1 3 -1 7 18 14 11 24 4 -1 4 -1 7 18 14 11 24 4 -1 5 -1 7 18 14 11 24 4 -1 -2
1 -1 8 18 13 9 23 3 -1 2 -1 8 18 13 9 23 3 -1 3 -1 7 18 13 9 23 3 -1 -2
1 -1 8 19 15 11 24 4 -1 2 -1 8 18 15 11 24 4 -1 3 -1 8 18 14 11 24 4 -1 4 -1 8 18 14 10 24 4 -1 5 -1 8 18 14 10 24 4 -1 -2
1 -1 7 18 13 10 24 3 -1 2 -1 7 17 13 10 24 3 -1 3 -1 7 17 13 10 23 3 -1 4 -1 7 18 14 10 24 3 -1 -2
1 -1 8 18 14 11 24 4 -1 2 -1 8 18 14 11 24 4 -1 3 -1 8 18 14 11 24 4 -1 -2
1 -1 7 19 15 11 24 4 -1 2 -1 7 19 15 11 23 4 -1 -2
1 -1 7 18 14 10 24 4 -1 2 -1 7 17 14 10 23 3 -1 3 -1 7 18 14 10 24 4 -1 4 -1 6 17 14 10 24 3 -1 5 -1 6 17 14 10 24 3 -1 -2
1 -1 7 18 14 11 24 4 -1 2 -1 6 18 14 10 24 4 -1 3 -1 6 18 14 10 24 3 -1 -2
1 -1 8 19 15 11 23 4 -1 2 -1 8 19 15 11 23 4 -1 -2
1 -1 8 18 14 10 24 4 -1 2 -1 8 18 14 10 24 4 -1 3 -1 8 17 13 9 24 3 -1 -2
1 -1 8 19 15 10 24 4 -1 2 -1 7 18 15 10 24 4 -1 3 -1 7 18 14 10 24 4 -1 4 -1 7 18 14 9 23 4 -1 -2
1 -1 7 19 15 11 24 4 -1 2 -1 7 19 15 11 24 4 -1 3 -1 7 18 14 11 24 4 -1 -2
1 -1 8 19 15 10 24 4 -1 2 -1 8 19 15 10 24 4 -1 -2
1 -1 8 19 15 10 24 4 -1 2 -1 8 19 15 10 24 4 -1 3 -1 8 19 15 10 24 4 -1 4 -1 8 18 14 10 24 4 -1 5 -1 8 19 14 10 24 4 -1 -2
1 -1 8 18 14 10 23 4 -1 2 -1 8 18 14 10 23 4 -1 3 -1 8 18 14 10 24 4 -1 4 -1 8 18 14 9 24 4 -1 -2
1 -1 6 17 13 9 24 3 -1 2 -1 6 17 13 9 24 2 -1 3 -1 7 17 13 9 24 3 -1 -2
1 -1 8 18 14 10 23 4 -1 2 -1 8 18 14 10 23 4 -1 -2
1 -1 7 18 14 10 24 3 -1 2 -1 7 17 14 10 24 3 -1 -2
1 -1 8 19 15 10 24 4 -1 2 -1 8 19 15 10 24 4 -1 3 -1 8 19 14 10 24 4 -1 4 -1 8 19 14 10 24 4 -1 5 -1 8 19 14 10 24 4 -1 -2
1 -1 7 18 14 10 23 4 -1 2 -1 7 18 14 10 23 3 -1 -2
1 -1 8 19 15 10 24 4 -1 2 -1 8 19 15 10 24 4 -1 3 -1 8 19 15 10 24 4 -1 -2
1 -1 8 18 14 11 24 4 -1 2 -1 8 18 14 11 24 4 -1 3 -1 8 18 14 11 24 4 -1 4 -1 8 18 14 11 24 4 -1 5 -1 7 17 14 11 23 4 -1 -2
1 -1 8 19 14 10 24 4 -1 2 -1 8 18 14 9 24 4 -1 -2
1 -1 5 18 14 10 23 3 -1 2 -1 5 18 15 11 24 3 -1 -2
1 -1 7 18 15 10 24 4 -1 2 -1 6 18 14 9 23 3 -1 3 -1 7 18 14 9 23 3 -1 -2
1 -1 8 18 14 10 24 4 -1 2 -1 8 18 14 10 24 4 -1 3 -1 8 17 13 9 24 3 -1 4 -1 8 17 13 9 24 3 -1 5 -1 8 17 13 9 24 3 -1 -2
1 -1 7 19 15 11 24 4 -1 2 -1 7 19 15 11 24 4 -1 3 -1 7 19 15 11 24 4 -1 4 -1 5 19 15 10 23 4 -1 -2
1 -1 6 19 15 11 23 4 -1 2 -1 6 19 15 11 23 4 -1 3 -1 6 18 14 10 23 4 -1 4 -1 6 19 15 11 23 4 -1 -2
1 -1 7 19 15 11 23 4 -1 2 -1 6 19 15 11 23 4 -1 3 -1 6 19 15 11 23 4 -1 -2
1 -1 8 18 15 11 24 4 -1 2 -1 8 18 15 11 24 4 -1 3 -1 8 18 14 11 24 4 -1 4 -1 8 18 14 11 24 4 -1 5 -1 8 17 14 11 24 4 -1 -2
1 -1 8 18 14 11 24 4 -1 2 -1 8 18 14 11 24 4 -1 3 -1 8 18 14 11 24 4 -1 4 -1 8 19 14 11 24 4 -1 5 -1 7 18 14 11 24 4 -1 -2
1 -1 8 19 15 10 24 4 -1 2 -1 8 19 15 10 24 4 -1 3 -1 7 19 15 10 24 4 -1 4 -1 7 19 15 10 24 4 -1 -2
1 -1 8 19 15 10 24 4 -1 2 -1 8 18 14 10 23 4 -1 3 -1 8 18 14 10 23 4 -1 4 -1 8 18 14 10 24 4 -1 5 -1 7 18 14 10 23 4 -1 -2
1 -1 8 18 14 10 24 4 -1 2 -1 8 17 14 10 24 4 -1 3 -1 8 17 13 9 24 3 -1 -2
1 -1 7 18 14 10 24 4 -1 2 -1 7 18 14 10 24 4 -1 3 -1 7 18 13 9 24 3 -1 4 -1 7 18 13 9 23 3 -1 -2
1 -1 8 17 14 10 24 4 -1 2 -1 8 17 14 10 24 4 -1 3 -1 8 17 14 10 23 3 -1 4 -1 8 17 13 10 23 3 -1 -2
1 -1 7 18 14 10 24 4 -1 2 -1 7 18 14 10 23 4 -1 3 -1 7 18 14 10 23 4 -1 4 -1 7 18 14 10 23 4 -1 5 -1 7 18 14 10 24 3 -1 -2
1 -1 7 18 14 10 24 4 -1 2 -1 7 18 14 10 24 4 -1 3 -1 7 18 14 9 24 3 -1 4 -1 6 17 13 9 23 2 -1 -2
1 -1 8 19 14 9 24 4 -1 2 -1 7 17 13 9 23 3 -1 3 -1 7 17 13 9 23 3 -1 -2
1 -1 8 18 14 10 24 4 -1 2 -1 8 18 14 9 24 4 -1 3 -1 8 18 13 9 24 3 -1 4 -1 8 18 13 9 24 3 -1 5 -1 8 18 13 9 24 3 -1 -2
1 -1 8 19 15 10 24 4 -1 2 -1 7 18 15 10 24 4 -1 3 -1 8 18 14 10 24 4 -1 4 -1 7 18 14 10 24 4 -1 5 -1 8 19 15 10 24 4 -1 -2
1 -1 8 17 14 10 24 4 -1 2 -1 8 17 14 9 24 3 -1 -2
1 -1 8 18 15 10 24 4 -1 2 -1 8 18 15 10 24 4 -1 3 -1 8 18 14 9 24 4 -1 4 -1 8 18 14 9 24 4 -1 5 -1 8 18 14 9 24 4 -1 -2
1 -1 8 19 15 10 24 4 -1 2 -1 8 19 14 10 24 4 -1 3 -1 8 19 14 10 24 4 -1 4 -1 8 19 14 10 23 4 -1 5 -1 8 19 14 10 24 4 -1 -2
1 -1 7 18 14 11 24 4 -1 2 -1 7 17 13 10 24 3 -1 -2
1 -1 8 17 14 10 24 3 -1 2 -1 8 17 13 10 24 3 -1 3 -1 7 17 13 10 24 3 -1 4 -1 7 17 13 9 24 3 -1 -2
1 -1 7 19 15 11 24 4 -1 2 -1 6 19 15 11 24 4 -1 3 -1 5 19 15 11 24 4 -1 4 -1 5 19 15 11 24 4 -1 -2
1 -1 8 18 14 10 23 4 -1 2 -1 8 18 14 10 23 4 -1 3 -1 8 18 14 10 23 4 -1 -2
1 -1 8 18 14 9 23 4 -1 2 -1 8 18 14 10 24 4 -1 3 -1 8 19 14 10 23 4 -1 4 -1 8 18 14 9 23 3 -1 5 -1 8 19 14 9 24 4 -1 -2
1 -1 7 18 14 10 24 4 -1 2 -1 7 18 14 10 24 4 -1 3 -1 7 18 14 9 24 4 -1 4 -1 7 18 14 10 24 4 -1 5 -1 7 18 14 9 23 3 -1 -2
1 -1 7 19 15 11 23 4 -1 2 -1 7 19 15 11 24 4 -1 3 -1 7 19 15 11 24 4 -1 -2
1 -1 7 18 14 9 23 3 -1 2 -1 7 18 14 9 23 3 -1 -2
1 -1 8 18 14 9 24 4 -1 2 -1 8 18 14 9 23 4 -1 3 -1 8 18 13 9 23 3 -1 -2
1 -1 7 18 14 10 24 4 -1 2 -1 7 18 14 9 24 4 -1 3 -1 7 17 13 9 23 3 -1 -2
1 -1 6 19 15 10 24 4 -1 2 -1 6 18 15 10 24 4 -1 -2
1 -1 7 19 15 10 24 4 -1 2 -1 7 19 15 10 24 4 -1 3 -1 6 19 15 9 24 3 -1 -2
1 -1 8 19 15 10 23 4 -1 2 -1 8 19 14 10 24 4 -1 3 -1 7 19 14 10 24 4 -1 4 -1 8 19 14 10 23 4 -1 5 -1 7 19 14 10 23 4 -1 -2
1 -1 8 19 14 9 24 4 -1 2 -1 8 19 14 9 24 4 -1 3 -1 8 18 14 9 24 4 -1 4 -1 8 18 14 9 24 4 -1 -2
1 -1 8 18 13 10 24 3 -1 2 -1 8 17 13 10 24 3 -1 3 -1 7 18 14 9 23 3 -1 4 -1 7 17 13 9 24 3 -1 5 -1 8 17 13 9 24 3 -1 -2
1 -1 8 19 15 10 24 4 -1 2 -1 8 19 14 10 24 4 -1 3 -1 8 18 14 9 24 4 -1 4 -1 7 18 14 9 24 4 -1 5 -1 7 18 13 9 24 3 -1 -2
1 -1 7 17 13 9 23 3 -1 2 -1 7 17 13 9 23 2 -1 -2
1 -1 7 19 15 11 24 4 -1 2 -1 6 19 15 11 24 4 -1 3 -1 6 19 15 11 24 4 -1 4 -1 5 19 14 11 24 4 -1 5 -1 5 18 14 10 24 3 -1 -2
1 -1 8 19 15 10 24 4 -1 2 -1 8 18 15 10 24 4 -1 3 -1 8 19 14 10 24 4 -1 4 -1 8 18 14 9 24 4 -1 5 -1 7 18 14 9 24 4 -1 -2
1 -1 6 18 14 10 24 3 -1 2 -1 6 18 14 10 24 3 -1 3 -1 5 18 14 10 23 3 -1 4 -1 5 18 14 10 23 3 -1 -2
1 -1 8 19 15 10 24 4 -1 2 -1 8 19 15 10 24 4 -1 3 -1 8 19 14 10 24 4 -1 4 -1 8 19 14 10 24 4 -1 5 -1 8 19 14 10 24 4 -1 -2
1 -1 8 19 14 10 24 4 -1 2 -1 8 19 15 10 24 4 -1 3 -1 8 19 14 10 24 4 -1 4 -1 8 19 14 10 24 4 -1 5 -1 8 19 14 10 24 4 -1 -2
1 -1 8 19 14 10 24 4 -1 2 -1 8 18 13 9 24 3 -1 3 -1 8 17 13 9 24 3 -1 -2
1 -1 8 19 14 10 24 4 -1 2 -1 8 19 14 10 24 4 -1 3 -1 8 19 14 10 24 4 -1 4 -1 8 18 14 10 24 4 -1 5 -1 7 18 14 9 24 4 -1 -2
1 -1 8 18 14 10 24 4 -1 2 -1 8 18 14 10 24 4 -1 3 -1 8 18 14 10 24 4 -1 4 -1 7 18 14 10 24 4 -1 5 -1 7 17 14 10 24 3 -1 -2
1 -1 8 19 15 10 24 4 -1 2 -1 8 19 15 10 24 4 -1 3 -1 7 19 15 10 24 4 -1 4 -1 8 18 14 10 24 4 -1 5 -1 8 18 14 10 24 4 -1 -2
1 -1 8 19 14 10 24 4 -1 2 -1 8 19 14 9 24 4 -1 3 -1 8 19 14 9 24 4 -1 4 -1 8 19 14 9 24 4 -1 5 -1 8 19 13 9 24 3 -1 -2
1 -1 7 19 15 11 23 4 -1 2 -1 7 18 14 10 23 3 -1 -2
1 -1 8 19 15 10 24 4 -1 2 -1 8 19 15 10 24 4 -1 3 -1 8 19 15 10 24 4 -1 4 -1 8 19 15 10 24 4 -1 5 -1 8 19 15 10 24 4 -1 -2
1 -1 7 19 15 10 24 4 -1 2 -1 5 18 14 9 23 3 -1 -2
1 -1 8 18 14 9 24 4 -1 2 -1 8 18 14 9 24 4 -1 -2
1 -1 8 19 15 10 24 4 -1 2 -1 8 19 14 10 24 4 -1 -2
1 -1 7 19 15 11 24 4 -1 2 -1 7 19 15 11 24 4 -1 3 -1 6 18 15 11 24 4 -1 4 -1 6 18 14 10 23 4 -1 5 -1 5 18 15 10 24 3 -1 -2
1 -1 8 19 14 10 23 4 -1 2 -1 8 19 14 10 24 4 -1 3 -1 8 19 14 9 24 4 -1 4 -1 8 18 14 9 24 4 -1 5 -1 8 18 14 9 24 3 -1 -2
1 -1 8 18 14 9 24 4 -1 2 -1 8 18 14 9 24 4 -1 3 -1 8 18 14 10 24 4 -1 4 -1 8 18 14 10 24 4 -1 5 -1 8 18 14 10 24 4 -1 -2
1 -1 7 19 14 9 24 4 -1 2 -1 7 19 14 9 24 4 -1 3 -1 8 18 13 9 24 3 -1 4 -1 8 18 13 9 24 3 -1 5 -1 7 18 13 9 24 3 -1 -2
1 -1 8 18 14 10 24 4 -1 2 -1 7 18 14 9 24 4 -1 3 -1 7 18 14 9 24 4 -1 4 -1 7 18 14 9 24 4 -1 5 -1 7 18 13 9 24 3 -1 -2
1 -1 7 18 14 11 24 4 -1 2 -1 6 17 13 9 24 2 -1 3 -1 6 17 13 9 24 2 -1 -2
1 -1 8 19 14 10 24 4 -1 2 -1 8 19 14 10 24 4 -1 3 -1 8 19 14 10 24 4 -1 4 -1 8 19 14 9 24 4 -1 -2
1 -1 6 18 14 9 23 3 -1 2 -1 7 18 13 9 23 3 -1 3 -1 6 18 13 9 24 2 -1 -2
1 -1 7 19 15 11 24 4 -1 2 -1 6 18 14 10 24 4 -1 3 -1 5 18 14 9 24 3 -1 4 -1 5 18 14 9 24 3 -1 -2
1 -1 7 19 15 11 23 4 -1 2 -1 6 19 15 11 23 4 -1 3 -1 6 19 15 11 24 4 -1 4 -1 6 19 15 11 24 4 -1 5 -1 5 19 15 11 24 4 -1 -2
1 -1 8 18 14 10 24 4 -1 2 -1 8 18 14 10 24 4 -1 -2
1 -1 8 18 14 10 24 4 -1 2 -1 8 18 14 10 24 4 -1 3 -1 8 18 14 10 24 4 -1 4 -1 8 18 14 10 24 4 -1 5 -1 8 18 14 10 24 4 -1 -2
1 -1 8 19 14 9 24 4 -1 2 -1 8 18 14 9 24 4 -1 3 -1 8 18 14 9 24 4 -1 4 -1 7 18 13 9 24 3 -1 -2
1 -1 7 19 15 11 23 4 -1 2 -1 7 19 14 10 23 4 -1 -2
1 -1 8 18 14 11 24 4 -1 2 -1 8 18 14 10 24 4 -1 3 -1 8 18 14 10 24 4 -1 4 -1 8 18 14 9 23 4 -1 5 -1 7 18 14 9 23 3 -1 -2
1 -1 8 18 14 10 24 4 -1 2 -1 8 18 14 10 24 4 -1 3 -1 8 18 14 10 24 4 -1 4 -1 8 18 14 9 24 4 -1 -2
1 -1 7 19 15 11 23 4 -1 2 -1 6 18 14 11 23 3 -1 -2
1 -1 8 19 15 10 24 4 -1 2 -1 7 19 14 10 24 4 -1 3 -1 7 18 14 9 24 4 -1 4 -1 8 18 14 9 24 4 -1 5 -1 7 18 13 9 24 3 -1 -2
1 -1 7 18 14 9 24 3 -1 2 -1 6 17 13 9 23 3 -1 -2
1 -1 8 19 14 10 24 4 -1 2 -1 8 19 14 10 24 4 -1 3 -1 8 19 14 10 24 4 -1 4 -1 8 19 14 10 24 4 -1 5 -1 8 19 14 10 24 4 -1 -2
1 -1 7 18 15 11 24 4 -1 2 -1 7 18 14 10 24 4 -1 3 -1 7 18 14 10 24 3 -1 -2
1 -1 6 18 13 9 23 3 -1 2 -1 5 18 13 9 24 2 -1 3 -1 6 18 13 9 24 3 -1 4 -1 6 18 13 9 24 3 -1 5 -1 6 17 13 9 24 2 -1 -2
1 -1 8 18 14 10 24 4 -1 2 -1 8 18 14 10 24 4 -1 3 -1 8 18 14 10 24 4 -1 4 -1 8 18 14 10 24 4 -1 -2
1 -1 7 19 15 11 24 4 -1 2 -1 6 19 15 11 24 4 -1 3 -1 5 19 15 10 23 3 -1 4 -1 5 19 15 10 24 4 -1 5 -1 5 18 14 10 24 3 -1 -2
1 -1 6 19 15 11 24 4 -1 2 -1 6 19 15 11 24 4 -1 3 -1 7 19 15 11 24 4 -1 4 -1 6 19 15 11 24 4 -1 5 -1 6 19 15 11 24 4 -1 -2
1 -1 8 18 14 11 24 4 -1 2 -1 7 18 15 10 24 4 -1 3 -1 7 18 14 10 24 4 -1 4 -1 7 18 14 9 23 3 -1 5 -1 7 18 14 9 23 3 -1 -2
1 -1 7 19 15 11 24 4 -1 2 -1 7 18 14 10 24 4 -1 3 -1 7 18 14 10 24 4 -1 4 -1 7 18 14 10 24 4 -1 5 -1 7 18 14 10 24 4 -1 -2
1 -1 7 18 14 10 24 4 -1 2 -1 7 19 14 10 24 4 -1 3 -1 7 18 14 9 24 4 -1 4 -1 7 18 14 9 24 3 -1 5 -1 7 18 13 9 23 3 -1 -2
1 -1 6 18 14 11 24 4 -1 2 -1 6 18 14 11 24 4 -1 -2
1 -1 7 19 15 11 24 4 -1 2 -1 7 19 15 11 23 4 -1 3 -1 7 19 15 11 23 4 -1 4 -1 7 19 15 11 24 4 -1 5 -1 6 19 15 11 24 4 -1 -2
1 -1 8 19 15 10 24 4 -1 2 -1 8 19 15 10 24 4 -1 3 -1 7 19 14 10 24 4 -1 4 -1 7 19 15 10 24 4 -1 5 -1 7 19 15 10 24 4 -1 -2
1 -1 7 19 15 10 24 4 -1 2 -1 7 18 14 10 24 4 -1 3 -1 7 18 14 10 24 4 -1 4 -1 7 18 14 10 24 4 -1 5 -1 7 18 14 10 24 4 -1 -2
1 -1 8 19 15 10 24 4 -1 2 -1 8 18 14 10 24 4 -1 3 -1 8 18 14 10 24 4 -1 4 -1 7 18 14 10 24 4 -1 -2
1 -1 8 19 15 10 24 4 -1 2 -1 8 19 15 10 24 4 -1 3 -1 8 19 15 10 24 4 -1 4 -1 8 19 15 10 24 4 -1 5 -1 8 19 15 10 24 4 -1 -2
1 -1 8 19 14 9 24 4 -1 2 -1 8 19 14 10 24 4 -1 3 -1 8 19 14 9 24 4 -1 -2
1 -1 7 19 15 10 23 4 -1 2 -1 7 19 15 10 23 4 -1 -2
1 -1 8 18 14 10 23 4 -1 2 -1 8 19 14 10 24 4 -1 3 -1 8 18 14 10 23 4 -1 4 -1 8 18 14 10 24 4 -1 5 -1 8 18 14 10 23 4 -1 -2
1 -1 7 18 14 11 24 4 -1 2 -1 7 17 14 11 24 4 -1 3 -1 7 17 14 11 23 3 -1 4 -1 7 17 14 10 24 3 -1 5 -1 7 17 13 10 24 3 -1 -2
1 -1 8 18 14 10 24 4 -1 2 -1 8 18 13 9 23 3 -1 3 -1 8 18 13 9 24 3 -1 4 -1 8 17 13 9 23 3 -1 5 -1 7 17 13 9 23 3 -1 -2
1 -1 7 18 15 10 24 4 -1 2 -1 7 18 14 10 24 4 -1 -2
1 -1 6 19 15 11 24 4 -1 2 -1 5 19 15 11 24 4 -1 3 -1 5 19 15 11 24 4 -1 -2
1 -1 7 18 14 9 24 3 -1 2 -1 7 17 13 9 24 2 -1 3 -1 6 17 13 9 24 2 -1 -2
1 -1 7 19 15 11 24 4 -1 2 -1 6 19 15 11 23 4 -1 -2
1 -1 8 18 14 10 24 4 -1 2 -1 8 18 14 10 23 4 -1 3 -1 8 17 14 10 23 3 -1 -2
1 -1 8 17 13 10 24 3 -1 2 -1 8 17 13 9 24 3 -1 3 -1 8 17 13 9 24 3 -1 4 -1 8 17 13 9 24 3 -1 5 -1 8 17 13 9 24 3 -1 -2
1 -1 8 19 14 9 24 4 -1 2 -1 8 19 14 9 24 4 -1 3 -1 8 19 14 9 24 4 -1 -2
1 -1 8 18 14 10 24 4 -1 2 -1 8 17 14 10 24 4 -1 3 -1 7 17 13 10 24 3 -1 4 -1 7 17 13 9 23 3 -1 -2
1 -1 8 19 15 10 24 4 -1 2 -1 8 19 15 10 24 4 -1 3 -1 8 19 15 10 24 4 -1 4 -1 8 19 15 10 24 4 -1 5 -1 8 18 14 10 24 4 -1 -2
1 -1 7 19 15 11 23 4 -1 2 -1 7 19 15 11 23 4 -1 -2
1 -1 8 19 14 10 24 4 -1 2 -1 8 19 14 10 24 4 -1 3 -1 8 19 14 9 24 4 -1 -2
1 -1 7 18 14 11 24 4 -1 2 -1 7 17 13 10 24 3 -1 3 -1 7 17 13 10 24 3 -1 -2
1 -1 7 19 15 11 24 4 -1 2 -1 6 19 15 11 24 4 -1 3 -1 6 19 15 10 23 4 -1 4 -1 6 18 15 10 24 4 -1 -2
1 -1 8 19 14 9 24 4 -1 2 -1 7 19 14 9 23 3 -1 -2
1 -1 7 18 14 10 24 4 -1 2 -1 6 18 14 10 24 4 -1 -2
1 -1 7 19 15 10 24 4 -1 2 -1 7 18 14 10 24 4 -1 -2
1 -1 6 17 13 10 24 3 -1 2 -1 5 18 14 10 24 3 -1 3 -1 5 18 14 10 24 3 -1 -2
1 -1 8 18 14 10 24 4 -1 2 -1 7 18 14 10 24 4 -1 3 -1 8 18 14 10 24 4 -1 4 -1 7 18 14 10 24 4 -1 5 -1 8 18 14 10 24 4 -1 -2
1 -1 7 18 13 9 24 3 -1 2 -1 7 18 13 9 24 3 -1 -2
1 -1 7 18 14 11 24 4 -1 2 -1 7 18 14 11 24 4 -1 3 -1 7 18 14 10 24 4 -1 -2
1 -1 8 18 14 11 24 4 -1 2 -1 7 17 14 10 23 3 -1 -2
1 -1 6 17 14 10 23 3 -1 2 -1 6 17 13 9 23 3 -1 -2
1 -1 7 19 15 11 24 4 -1 2 -1 7 18 15 11 24 4 -1 3 -1 6 19 15 11 23 4 -1 4 -1 5 19 15 10 23 3 -1 -2
1 -1 8 18 14 11 24 4 -1 2 -1 8 18 14 11 24 4 -1 3 -1 8 18 14 10 23 4 -1 -2
1 -1 8 19 14 10 24 4 -1 2 -1 7 19 14 10 24 4 -1 3 -1 7 19 14 10 23 4 -1 4 -1 6 19 14 9 23 3 -1 5 -1 5 18 13 9 23 2 -1 -2
1 -1 7 18 14 11 24 4 -1 2 -1 7 18 14 10 23 3 -1 -2
1 -1 8 18 14 11 24 4 -1 2 -1 8 17 14 11 24 4 -1 -2
1 -1 6 17 13 9 24 2 -1 2 -1 6 17 13 9 24 2 -1 3 -1 6 17 13 9 24 2 -1 4 -1 6 17 13 9 24 2 -1 -2
1 -1 7 19 15 11 23 4 -1 2 -1 7 18 14 10 24 4 -1 3 -1 6 19 15 10 23 4 -1 4 -1 6 18 14 10 23 3 -1 -2
1 -1 7 19 15 11 24 4 -1 2 -1 6 18 15 10 24 4 -1 3 -1 6 18 14 10 23 3 -1 -2
1 -1 6 18 14 10 24 3 -1 2 -1 6 17 13 9 23 2 -1 3 -1 6 17 13 9 23 2 -1 -2
1 -1 7 19 15 11 24 4 -1 2 -1 7 19 15 11 23 4 -1 3 -1 7 19 15 11 23 4 -1 4 -1 6 19 15 11 23 4 -1 5 -1 7 19 15 11 23 4 -1 -2
1 -1 8 19 14 10 24 4 -1 2 -1 8 19 15 10 24 4 -1 3 -1 8 19 14 10 24 4 -1 4 -1 8 19 14 9 24 4 -1 5 -1 8 19 14 10 24 4 -1 -2
1 -1 8 19 15 10 24 4 -1 2 -1 8 19 14 10 24 4 -1 -2
1 -1 8 19 14 10 24 4 -1 2 -1 8 19 15 10 24 4 -1 3 -1 8 19 14 10 23 4 -1 4 -1 8 19 14 10 24 4 -1 5 -1 8 19 14 9 24 4 -1 -2
1 -1 8 18 14 9 24 3 -1 2 -1 8 18 13 9 24 3 -1 3 -1 7 18 13 9 24 3 -1 4 -1 8 17 13 9 24 3 -1 -2
1 -1 8 19 14 10 24 4 -1 2 -1 8 18 14 10 24 4 -1 3 -1 8 18 14 10 24 4 -1 4 -1 7 18 14 9 24 3 -1 5 -1 6 17 13 9 24 3 -1 -2
1 -1 8 18 14 11 24 4 -1 2 -1 8 18 14 11 24 4 -1 3 -1 8 18 14 11 24 4 -1 4 -1 8 18 14 11 24 4 -1 5 -1 8 18 14 11 24 4 -1 -2
1 -1 8 19 15 10 24 4 -1 2 -1 7 18 14 9 24 4 -1 3 -1 7 18 14 9 24 4 -1 -2
1 -1 6 19 15 11 23 4 -1 2 -1 7 19 15 11 23 4 -1 -2
1 -1 8 18 14 10 24 4 -1 2 -1 8 18 14 10 24 4 -1 3 -1 8 18 14 10 23 4 -1 -2
1 -1 8 18 14 11 23 4 -1 2 -1 8 18 14 10 23 4 -1 -2
1 -1 8 19 15 10 24 4 -1 2 -1 8 19 15 10 24 4 -1 -2
1 -1 8 18 15 11 24 4 -1 2 -1 8 18 14 11 24 4 -1 3 -1 8 18 14 11 24 4 -1 4 -1 8 18 14 11 23 4 -1 5 -1 8 18 14 11 23 4 -1 -2
1 -1 7 18 15 10 24 4 -1 2 -1 7 18 15 10 23 4 -1 -2
1 -1 7 19 15 11 24 4 -1 2 -1 7 19 15 11 24 4 -1 3 -1 7 19 15 10 24 4 -1 -2
1 -1 8 19 14 9 24 4 -1 2 -1 8 18 14 9 24 4 -1 -2
1 -1 7 19 15 11 23 4 -1 2 -1 7 19 15 11 24 4 -1 3 -1 6 19 15 11 24 4 -1 4 -1 6 19 14 10 24 4 -1 -2
1 -1 8 18 14 10 24 4 -1 2 -1 8 17 13 9 24 3 -1 3 -1 7 17 13 9 24 3 -1 4 -1 7 17 13 9 24 3 -1 5 -1 7 17 13 9 24 3 -1 -2
1 -1 8 19 15 10 24 4 -1 2 -1 8 19 14 10 24 4 -1 3 -1 7 19 14 9 24 4 -1 4 -1 7 19 14 9 23 4 -1 5 -1 7 18 13 9 24 3 -1 -2
1 -1 7 18 14 10 24 4 -1 2 -1 7 17 13 10 23 3 -1 3 -1 7 17 13 9 23 2 -1 4 -1 7 17 13 9 23 2 -1 5 -1 7 17 13 9 23 2 -1 -2
1 -1 8 18 14 9 23 4 -1 2 -1 8 18 14 10 23 4 -1 3 -1 7 17 13 9 23 3 -1 -2
1 -1 8 18 14 10 24 4 -1 2 -1 8 18 14 10 24 4 -1 -2
1 -1 7 19 14 11 24 4 -1 2 -1 7 18 14 10 23 4 -1 3 -1 7 18 14 11 24 4 -1 4 -1 6 18 14 10 24 4 -1 -2
1 -1 8 18 14 10 24 4 -1 2 -1 8 18 14 10 24 4 -1 3 -1 7 18 14 10 23 4 -1 -2
1 -1 8 19 15 10 24 4 -1 2 -1 8 18 14 10 24 4 -1 3 -1 8 18 14 10 24 4 -1 4 -1 8 18 15 10 23 4 -1 5 -1 8 18 15 10 23 4 -1 -2
1 -1 8 18 13 9 24 3 -1 2 -1 7 17 13 9 24 3 -1 -2
1 -1 8 18 14 9 24 4 -1 2 -1 8 18 14 9 24 4 -1 3 -1 7 18 13 9 24 3 -1 4 -1 7 17 13 9 24 3 -1 5 -1 7 17 13 9 24 3 -1 -2
1 -1 5 19 15 11 24 4 -1 2 -1 5 19 15 11 23 4 -1 3 -1 5 19 15 11 24 4 -1 4 -1 6 19 15 11 24 4 -1 5 -1 6 19 14 10 24 4 -1 -2
1 -1 7 18 14 11 24 4 -1 2 -1 7 18 14 11 24 4 -1 3 -1 7 18 14 10 23 4 -1 4 -1 6 18 14 10 23 3 -1 -2
1 -1 7 19 15 10 24 4 -1 2 -1 7 18 14 10 24 4 -1 3 -1 7 18 14 10 24 4 -1 -2
1 -1 8 18 14 11 24 4 -1 2 -1 8 18 14 11 24 4 -1 3 -1 8 18 14 11 24 4 -1 4 -1 8 17 14 11 24 4 -1 5 -1 8 17 14 11 24 4 -1 -2
1 -1 8 17 13 11 23 3 -1 2 -1 8 17 13 11 24 3 -1 3 -1 8 17 13 10 23 3 -1 4 -1 8 17 13 10 23 3 -1 -2
1 -1 7 17 14 10 24 3 -1 2 -1 7 17 13 10 23 3 -1 -2
1 -1 6 18 14 10 23 3 -1 2 -1 6 18 14 9 23 3 -1 3 -1 5 18 14 10 23 3 -1 -2
1 -1 7 18 14 11 24 4 -1 2 -1 6 18 14 11 24 4 -1 -2
1 -1 8 19 14 10 24 4 -1 2 -1 7 19 14 10 24 4 -1 3 -1 8 19 14 10 23 4 -1 4 -1 7 19 14 10 23 4 -1 5 -1 8 19 14 10 23 4 -1 -2
1 -1 8 19 14 10 24 4 -1 2 -1 7 18 13 9 23 3 -1 3 -1 7 18 13 9 24 3 -1 -2
1 -1 7 19 15 11 24 4 -1 2 -1 7 19 15 11 24 4 -1 3 -1 7 19 15 10 24 4 -1 4 -1 6 19 14 10 24 4 -1 5 -1 5 17 13 9 24 2 -1 -2
1 -1 7 18 14 10 23 4 -1 2 -1 6 18 14 10 23 3 -1 3 -1 6 18 14 10 23 3 -1 -2
1 -1 8 18 14 10 24 4 -1 2 -1 8 18 14 10 24 4 -1 3 -1 8 18 14 9 24 4 -1 4 -1 8 18 14 10 24 4 -1 5 -1 8 18 14 10 24 4 -1 -2
1 -1 8 18 15 11 24 4 -1 2 -1 8 18 14 11 24 4 -1 3 -1 8 18 14 11 24 4 -1 4 -1 8 18 14 11 24 4 -1 5 -1 8 18 14 11 23 4 -1 -2
1 -1 8 19 14 10 24 4 -1 2 -1 7 19 15 10 24 4 -1 3 -1 7 18 14 10 23 4 -1 -2
1 -1 8 18 14 11 24 4 -1 2 -1 8 18 14 11 24 4 -1 3 -1 8 18 14 11 24 4 -1 4 -1 8 18 14 11 24 4 -1 5 -1 8 18 14 11 24 4 -1 -2
1 -1 8 18 14 11 24 4 -1 2 -1 8 18 14 11 24 4 -1 3 -1 8 18 14 11 24 4 -1 4 -1 8 18 14 11 24 4 -1 -2
1 -1 7 18 13 9 24 3 -1 2 -1 7 18 14 10 24 3 -1 3 -1 7 18 14 10 23 4 -1 4 -1 7 18 13 9 23 3 -1 -2
1 -1 8 18 14 10 24 4 -1 2 -1 8 17 14 10 24 4 -1 3 -1 8 17 14 9 24 3 -1 4 -1 8 17 13 9 24 3 -1 -2
1 -1 7 18 14 10 24 4 -1 2 -1 7 18 14 9 24 3 -1 -2
1 -1 8 18 14 11 24 4 -1 2 -1 8 17 13 11 24 4 -1 3 -1 8 17 13 10 23 3 -1 4 -1 8 17 13 10 23 3 -1 5 -1 8 17 13 10 24 3 -1 -2
1 -1 8 18 14 11 24 4 -1 2 -1 7 18 15 11 24 4 -1 3 -1 8 18 14 10 24 4 -1 4 -1 8 18 14 10 24 4 -1 -2
1 -1 8 19 14 11 24 4 -1 2 -1 7 18 14 10 24 4 -1 3 -1 7 18 14 10 24 4 -1 4 -1 7 18 14 10 24 4 -1 -2
1 -1 7 19 15 11 23 4 -1 2 -1 7 19 15 11 23 4 -1 3 -1 7 19 15 10 23 4 -1 -2
1 -1 7 18 15 11 24 4 -1 2 -1 8 18 15 11 24 4 -1 3 -1 8 18 14 11 24 4 -1 4 -1 8 18 14 11 24 4 -1 5 -1 8 18 14 10 24 4 -1 -2
1 -1 7 17 13 10 23 3 -1 2 -1 7 17 13 9 24 3 -1 3 -1 7 17 13 10 23 3 -1 4 -1 7 17 13 9 24 3 -1 5 -1 7 17 13 9 24 3 -1 -2
1 -1 8 18 14 11 24 4 -1 2 -1 8 18 14 10 24 4 -1 3 -1 8 18 14 10 23 4 -1 -2
1 -1 8 19 15 10 24 4 -1 2 -1 8 19 14 10 24 4 -1 3 -1 8 19 14 10 24 4 -1 4 -1 8 18 14 10 24 4 -1 -2
1 -1 7 19 15 11 24 4 -1 2 -1 7 19 15 11 23 4 -1 -2
1 -1 7 19 15 10 24 4 -1 2 -1 7 19 15 10 24 4 -1 3 -1 7 19 14 10 24 4 -1 4 -1 7 19 14 9 24 4 -1 5 -1 6 18 14 9 24 3 -1 -2
1 -1 8 19 15 10 24 4 -1 2 -1 8 19 15 10 24 4 -1 3 -1 8 19 15 10 24 4 -1 4 -1 8 19 14 10 24 4 -1 5 -1 8 19 14 10 24 4 -1 -2
1 -1 8 19 15 10 24 4 -1 2 -1 8 18 15 10 24 4 -1 3 -1 8 18 14 10 24 4 -1 4 -1 8 19 14 10 24 4 -1 5 -1 8 18 14 10 24 4 -1 -2
1 -1 8 19 15 10 24 4 -1 2 -1 8 19 15 10 24 4 -1 3 -1 8 18 14 10 24 4 -1 -2
1 -1 8 19 15 10 24 4 -1 2 -1 8 19 15 10 24 4 -1 3 -1 8 19 15 10 24 4 -1 4 -1 8 19 15 10 24 4 -1 5 -1 8 19 14 10 24 4 -1 -2
1 -1 7 19 14 10 24 4 -1 2 -1 7 19 15 10 23 4 -1 3 -1 7 19 14 10 23 4 -1 4 -1 7 19 14 10 23 4 -1 5 -1 6 19 14 9 24 3 -1 -2
1 -1 7 18 14 10 23 4 -1 2 -1 7 18 14 10 23 4 -1 3 -1 7 18 14 9 23 3 -1 4 -1 7 18 14 9 23 3 -1 -2
1 -1 7 19 15 11 24 4 -1 2 -1 7 19 15 10 23 4 -1 3 -1 7 19 15 11 24 4 -1 4 -1 7 19 15 11 24 4 -1 5 -1 6 19 15 11 23 4 -1 -2
1 -1 8 19 14 10 24 4 -1 2 -1 8 18 14 9 24 4 -1 -2
1 -1 8 18 15 11 24 4 -1 2 -1 8 18 14 11 24 4 -1 3 -1 8 17 14 11 24 4 -1 4 -1 8 17 14 11 24 4 -1 5 -1 8 17 14 11 24 4 -1 -2
1 -1 8 19 14 10 24 4 -1 2 -1 8 19 15 10 24 4 -1 3 -1 8 19 14 9 24 4 -1 4 -1 8 19 14 10 24 4 -1 5 -1 8 19 14 10 24 4 -1 -2
1 -1 6 19 15 11 23 4 -1 2 -1 6 19 15 11 23 4 -1 3 -1 5 19 14 10 23 3 -1 4 -1 5 19 14 10 23 3 -1 5 -1 5 18 14 10 23 3 -1 -2
1 -1 6 18 14 10 23 4 -1 2 -1 6 18 14 10 23 3 -1 -2
1 -1 7 18 14 10 23 3 -1 2 -1 7 18 14 9 23 3 -1 -2
1 -1 8 17 13 9 23 3 -1 2 -1 8 17 13 9 24 3 -1 3 -1 8 17 13 9 23 2 -1 -2
1 -1 8 19 14 10 24 4 -1 2 -1 8 19 15 10 24 4 -1 3 -1 8 19 14 10 24 4 -1 4 -1 8 19 14 10 24 4 -1 5 -1 8 19 15 10 24 4 -1 -2
1 -1 7 18 14 11 24 4 -1 2 -1 7 18 14 10 24 4 -1 3 -1 7 18 14 10 24 4 -1 4 -1 7 17 13 10 24 3 -1 -2
1 -1 8 18 13 9 23 3 -1 2 -1 8 17 14 9 23 3 -1 -2
1 -1 8 18 14 11 24 4 -1 2 -1 8 19 14 11 24 4 -1 3 -1 8 18 14 11 24 4 -1 4 -1 8 18 14 11 24 4 -1 5 -1 8 18 15 11 24 4 -1 -2
1 -1 6 18 14 10 24 3 -1 2 -1 7 19 15 11 24 4 -1 3 -1 5 18 15 10 24 3 -1 -2
1 -1 6 19 14 10 23 4 -1 2 -1 6 19 15 10 23 4 -1 -2
1 -1 8 19 14 10 24 4 -1 2 -1 8 19 14 10 24 4 -1 3 -1 8 18 14 10 24 4 -1 4 -1 8 18 14 10 24 4 -1 5 -1 8 18 14 10 24 4 -1 -2
1 -1 7 19 15 10 24 4 -1 2 -1 7 19 15 11 24 4 -1 3 -1 7 19 15 10 24 4 -1 4 -1 6 19 15 10 24 4 -1 5 -1 6 18 14 9 24 3 -1 -2
1 -1 8 18 14 10 24 4 -1 2 -1 8 18 14 9 24 4 -1 3 -1 8 17 13 9 24 3 -1 4 -1 8 18 13 9 24 3 -1 5 -1 8 17 13 9 24 3 -1 -2
1 -1 8 18 14 11 24 4 -1 2 -1 8 17 14 10 23 4 -1 3 -1 8 18 14 11 24 4 -1 4 -1 8 17 14 11 24 4 -1 5 -1 8 18 14 11 24 4 -1 -2
1 -1 7 19 15 11 24 4 -1 2 -1 7 19 15 10 24 4 -1 3 -1 7 19 15 11 24 4 -1 4 -1 7 18 15 11 23 4 -1 5 -1 7 18 14 10 23 3 -1 -2
1 -1 8 18 14 10 23 4 -1 2 -1 8 18 14 9 23 3 -1 3 -1 8 18 14 10 24 4 -1 4 -1 7 18 13 9 23 3 -1 -2
1 -1 8 19 14 10 23 4 -1 2 -1 8 18 14 10 24 4 -1 3 -1 8 18 13 9 24 3 -1 -2
1 -1 8 19 14 9 24 4 -1 2 -1 8 19 14 9 23 3 -1 3 -1 7 18 13 9 23 3 -1 -2
1 -1 7 19 15 11 24 4 -1 2 -1 7 19 15 11 24 4 -1 3 -1 7 19 14 10 23 4 -1 -2
1 -1 7 19 14 10 24 4 -1 2 -1 7 18 14 10 23 3 -1 -2
1 -1 6 19 15 11 23 4 -1 2 -1 5 19 15 11 24 4 -1 3 -1 5 19 15 11 24 4 -1 -2
1 -1 8 19 15 10 24 4 -1 2 -1 8 19 15 10 24 4 -1 3 -1 8 19 15 10 24 4 -1 4 -1 8 19 14 10 24 4 -1 5 -1 8 19 14 10 24 4 -1 -2
1 -1 7 18 14 10 24 4 -1 2 -1 7 18 14 10 24 4 -1 3 -1 7 18 14 10 24 4 -1 4 -1 7 18 14 10 24 4 -1 5 -1 7 18 14 10 24 4 -1 -2
1 -1 7 17 13 9 24 3 -1 2 -1 7 17 13 9 23 2 -1 -2
1 -1 8 19 15 10 24 4 -1 2 -1 8 19 15 10 24 4 -1 3 -1 8 19 15 10 24 4 -1 4 -1 8 19 14 10 24 4 -1 5 -1 8 19 13 9 24 3 -1 -2
1 -1 6 19 15 11 23 4 -1 2 -1 6 18 14 10 23 4 -1 3 -1 5 18 14 10 23 3 -1 -2
1 -1 6 18 14 10 24 3 -1 2 -1 6 18 14 9 24 3 -1 -2
1 -1 7 19 15 11 24 4 -1 2 -1 7 18 14 10 24 4 -1 3 -1 6 19 14 10 23 4 -1 4 -1 6 19 14 10 23 4 -1 -2
1 -1 7 19 14 9 24 4 -1 2 -1 8 18 13 9 23 3 -1 3 -1 8 18 13 9 23 3 -1 4 -1 7 17 13 9 24 3 -1 -2
1 -1 6 17 14 11 23 3 -1 2 -1 6 17 13 10 24 2 -1 3 -1 6 17 13 9 24 2 -1 4 -1 5 17 13 9 23 2 -1 5 -1 5 17 13 9 23 2 -1 -2
1 -1 8 19 13 9 23 4 -1 2 -1 8 18 14 9 23 3 -1 -2
1 -1 8 18 14 10 23 4 -1 2 -1 8 18 14 10 24 4 -1 3 -1 8 18 14 10 23 4 -1 4 -1 8 18 14 10 24 4 -1 5 -1 8 18 14 10 24 4 -1 -2
1 -1 7 18 14 11 24 4 -1 2 -1 7 19 15 11 24 4 -1 3 -1 6 18 14 10 24 4 -1 -2
1 -1 7 19 15 11 24 4 -1 2 -1 6 19 15 11 24 4 -1 3 -1 5 19 15 11 24 4 -1 4 -1 6 19 15 10 24 4 -1 5 -1 5 19 15 11 24 4 -1 -2
1 -1 6 19 15 10 24 4 -1 2 -1 6 19 15 11 24 4 -1 3 -1 5 19 14 11 24 4 -1 4 -1 5 18 14 10 24 3 -1 -2
1 -1 7 19 15 11 24 4 -1 2 -1 6 19 15 11 24 4 -1 3 -1 6 19 15 11 23 4 -1 4 -1 5 19 14 10 23 3 -1 -2
1 -1 8 19 15 10 24 4 -1 2 -1 8 19 15 10 24 4 -1 3 -1 8 19 15 10 24 4 -1 4 -1 8 19 15 10 24 4 -1 5 -1 8 19 15 10 24 4 -1 -2
1 -1 8 19 14 9 23 4 -1 2 -1 8 19 14 10 23 4 -1 3 -1 8 19 14 10 23 4 -1 4 -1 7 18 14 9 23 4 -1 5 -1 8 19 14 9 23 4 -1 -2
1 -1 7 18 14 10 23 3 -1 2 -1 7 18 14 10 23 3 -1 3 -1 7 18 14 10 23 3 -1 4 -1 7 18 14 9 23 3 -1 5 -1 8 17 14 9 23 3 -1 -2
1 -1 8 19 15 10 24 4 -1 2 -1 8 19 15 10 24 4 -1 3 -1 8 19 15 10 24 4 -1 4 -1 8 19 15 10 24 4 -1 5 -1 8 19 15 10 24 4 -1 -2
1 -1 7 17 14 11 24 4 -1 2 -1 7 17 14 11 24 4 -1 -2
1 -1 8 19 14 9 24 4 -1 2 -1 8 18 13 9 23 3 -1 3 -1 8 18 14 9 23 4 -1 4 -1 8 18 14 9 23 4 -1 -2
1 -1 7 19 15 11 24 4 -1 2 -1 7 19 15 11 24 4 -1 3 -1 6 19 15 11 24 4 -1 4 -1 6 19 15 11 24 4 -1 5 -1 6 18 15 11 24 4 -1 -2
1 -1 8 18 14 10 24 4 -1 2 -1 8 18 14 10 24 4 -1 3 -1 8 18 14 10 24 4 -1 4 -1 8 18 14 10 24 4 -1 5 -1 8 18 14 9 24 4 -1 -2
1 -1 8 18 14 9 24 3 -1 2 -1 8 18 13 9 23 3 -1 -2
1 -1 6 18 14 10 23 3 -1 2 -1 7 18 13 9 23 3 -1 -2
1 -1 6 19 15 10 24 4 -1 2 -1 7 19 15 11 24 4 -1 3 -1 6 19 15 11 24 4 -1 4 -1 6 19 15 10 24 4 -1 5 -1 7 19 15 10 24 4 -1 -2
1 -1 8 18 14 10 24 4 -1 2 -1 7 18 14 10 24 4 -1 3 -1 8 18 13 10 24 4 -1 4 -1 8 17 13 10 23 3 -1 5 -1 7 17 13 10 23 3 -1 -2
1 -1 6 19 15 11 24 4 -1 2 -1 6 19 15 11 24 4 -1 -2
1 -1 7 19 15 10 24 4 -1 2 -1 8 19 15 10 24 4 -1 3 -1 8 19 15 10 24 4 -1 4 -1 8 19 15 10 24 4 -1 5 -1 8 19 15 10 24 4 -1 -2
1 -1 8 19 14 10 24 4 -1 2 -1 8 18 14 10 24 4 -1 3 -1 8 18 14 9 24 4 -1 -2
1 -1 8 18 14 9 23 3 -1 2 -1 8 18 14 9 24 4 -1 3 -1 7 18 13 9 24 3 -1 4 -1 7 18 14 9 23 3 -1 5 -1 8 18 14 9 24 4 -1 -2
1 -1 8 18 14 11 23 4 -1 2 -1 8 18 14 11 24 4 -1 3 -1 8 17 14 11 24 4 -1 4 -1 8 17 14 11 24 4 -1 5 -1 8 17 13 11 24 4 -1 -2
1 -1 7 18 14 11 24 4 -1 2 -1 6 18 14 10 24 4 -1 3 -1 6 18 14 9 24 3 -1 -2
1 -1 7 18 15 11 24 4 -1 2 -1 7 18 14 11 23 4 -1 -2
1 -1 8 18 14 10 23 4 -1 2 -1 8 18 14 10 23 4 -1 3 -1 7 18 13 9 23 3 -1 4 -1 7 18 13 9 24 3 -1 5 -1 7 18 13 9 24 3 -1 -2
1 -1 7 19 15 10 24 4 -1 2 -1 7 19 15 10 24 4 -1 3 -1 6 19 15 10 24 4 -1 4 -1 7 18 14 10 24 4 -1 5 -1 6 18 14 10 24 4 -1 -2
1 -1 8 19 14 11 24 4 -1 2 -1 8 18 14 11 24 4 -1 3 -1 8 18 14 11 24 4 -1 4 -1 8 18 14 11 24 4 -1 -2
1 -1 7 18 14 11 24 4 -1 2 -1 7 18 14 10 24 4 -1 3 -1 7 18 14 11 24 4 -1 4 -1 8 18 14 11 24 4 -1 5 -1 7 18 14 11 23 4 -1 -2
1 -1 8 18 14 11 23 4 -1 2 -1 7 18 14 10 23 3 -1 -2
1 -1 8 18 14 9 24 4 -1 2 -1 8 18 14 9 24 4 -1 3 -1 8 18 14 9 24 4 -1 4 -1 8 18 14 9 24 4 -1 -2
1 -1 7 19 15 11 23 4 -1 2 -1 6 19 15 11 23 4 -1 -2
1 -1 8 19 14 10 24 4 -1 2 -1 8 18 14 10 24 4 -1 3 -1 8 18 14 10 24 4 -1 4 -1 8 19 14 11 24 4 -1 5 -1 8 19 14 10 24 4 -1 -2
1 -1 8 19 14 10 24 4 -1 2 -1 8 19 14 10 24 4 -1 3 -1 8 19 14 10 24 4 -1 4 -1 8 19 14 10 24 4 -1 5 -1 8 19 14 10 24 4 -1 -2
1 -1 8 18 15 11 24 4 -1 2 -1 8 18 14 11 24 4 -1 3 -1 8 18 14 11 24 4 -1 4 -1 8 18 15 11 24 4 -1 5 -1 8 18 14 11 24 4 -1 -2
1 -1 8 18 14 10 24 4 -1 2 -1 8 18 14 10 24 4 -1 3 -1 8 18 14 10 24 4 -1 -2
1 -1 8 19 15 9 23 4 -1 2 -1 7 19 14 9 23 4 -1 3 -1 7 18 14 9 24 3 -1 4 -1 6 18 14 9 23 3 -1 5 -1 6 19 14 9 23 3 -1 -2
1 -1 8 19 14 9 24 4 -1 2 -1 8 19 14 9 24 4 -1 3 -1 8 19 14 9 24 4 -1 4 -1 8 19 14 9 24 4 -1 5 -1 8 18 14 9 24 4 -1 -2
1 -1 8 17 13 10 23 3 -1 2 -1 8 17 13 11 24 3 -1 3 -1 8 17 13 11 24 3 -1 4 -1 8 17 13 10 24 3 -1 5 -1 8 17 13 10 24 3 -1 -2
1 -1 8 18 14 9 24 4 -1 2 -1 8 18 13 9 24 3 -1 3 -1 7 18 13 9 24 3 -1 -2
1 -1 7 18 14 9 23 4 -1 2 -1 7 17 14 9 24 3 -1 3 -1 7 18 13 9 24 3 -1 4 -1 7 17 13 9 24 3 -1 5 -1 7 18 13 9 24 3 -1 -2
1 -1 8 18 14 10 23 4 -1 2 -1 7 17 13 9 23 3 -1 3 -1 7 17 13 9 24 3 -1 4 -1 7 17 13 9 23 2 -1 -2
1 -1 7 18 15 10 23 4 -1 2 -1 8 18 14 10 24 4 -1 3 -1 8 18 14 10 24 4 -1 4 -1 7 17 14 9 24 3 -1 5 -1 7 17 14 9 24 3 -1 -2
1 -1 8 18 14 11 23 4 -1 2 -1 8 18 14 11 23 4 -1 3 -1 8 18 14 11 24 4 -1 4 -1 8 18 15 10 23 4 -1 5 -1 8 18 14 11 23 4 -1 -2
1 -1 6 19 15 11 23 4 -1 2 -1 6 18 14 11 24 4 -1 3 -1 6 18 14 11 23 4 -1 -2
1 -1 8 18 14 9 24 4 -1 2 -1 8 18 14 9 24 4 -1 3 -1 8 18 14 9 24 4 -1 4 -1 8 18 14 9 24 4 -1 5 -1 8 18 15 10 24 4 -1 -2
1 -1 6 17 13 9 23 2 -1 2 -1 7 17 13 9 23 3 -1 3 -1 7 17 13 9 23 3 -1 4 -1 7 17 13 9 24 3 -1 5 -1 7 17 13 9 24 3 -1 -2
1 -1 8 18 14 11 24 4 -1 2 -1 8 18 14 11 24 4 -1 3 -1 7 18 14 11 24 4 -1 4 -1 8 18 14 11 24 4 -1 5 -1 8 18 14 10 24 4 -1 -2
1 -1 8 18 14 11 24 4 -1 2 -1 8 18 15 11 24 4 -1 3 -1 8 18 15 11 24 4 -1 4 -1 8 18 14 11 24 4 -1 5 -1 8 18 14 11 24 4 -1 -2
1 -1 7 18 15 11 23 4 -1 2 -1 7 18 14 11 24 4 -1 3 -1 7 18 14 11 24 4 -1 4 -1 7 18 14 10 24 4 -1 5 -1 7 18 14 10 24 4 -1 -2
1 -1 8 17 13 10 23 3 -1 2 -1 8 17 13 9 24 3 -1 -2
1 -1 8 18 14 10 24 4 -1 2 -1 8 18 14 10 24 4 -1 3 -1 8 17 13 9 24 3 -1 -2
1 -1 8 19 14 10 24 4 -1 2 -1 8 19 15 9 24 4 -1 -2
1 -1 8 19 14 10 24 4 -1 2 -1 8 18 14 10 24 4 -1 3 -1 8 19 14 9 24 4 -1 4 -1 8 19 14 9 24 4 -1 5 -1 8 19 14 9 24 4 -1 -2
1 -1 7 19 15 11 24 4 -1 2 -1 7 19 15 11 24 4 -1 3 -1 7 19 15 11 24 4 -1 4 -1 7 19 15 11 24 4 -1 -2
1 -1 8 19 15 10 24 4 -1 2 -1 8 19 14 10 24 4 -1 3 -1 8 19 14 10 24 4 -1 4 -1 8 19 14 10 24 4 -1 5 -1 8 19 14 10 24 4 -1 -2
1 -1 7 18 14 11 24 4 -1 2 -1 6 18 14 11 24 4 -1 3 -1 6 18 14 10 24 3 -1 4 -1 5 18 14 11 23 3 -1 -2
1 -1 8 18 14 9 24 4 -1 2 -1 8 18 14 9 24 3 -1 3 -1 7 18 14 9 24 3 -1 -2
1 -1 8 19 14 10 24 4 -1 2 -1 8 19 14 10 24 4 -1 3 -1 8 19 14 10 24 4 -1 4 -1 8 19 14 9 24 4 -1 5 -1 8 18 14 9 23 4 -1 -2
1 -1 7 18 14 10 23 4 -1 2 -1 7 18 14 10 23 4 -1 3 -1 6 18 14 10 23 3 -1 4 -1 6 18 14 10 23 3 -1 5 -1 5 18 13 10 23 3 -1 -2
1 -1 8 18 14 10 24 4 -1 2 -1 8 18 14 10 23 4 -1 3 -1 8 18 14 10 24 4 -1 -2
1 -1 8 18 15 10 24 4 -1 2 -1 8 18 14 10 24 4 -1 3 -1 8 18 14 10 23 4 -1 4 -1 8 18 14 9 24 4 -1 5 -1 8 18 13 10 24 4 -1 -2
1 -1 8 19 14 9 24 4 -1 2 -1 8 19 15 9 24 4 -1 3 -1 8 19 14 9 24 4 -1 4 -1 8 19 15 9 24 4 -1 5 -1 8 19 14 9 24 4 -1 -2
1 -1 7 18 14 9 24 4 -1 2 -1 8 17 13 9 24 3 -1 3 -1 6 17 13 9 24 3 -1 4 -1 6 17 13 9 24 3 -1 5 -1 6 17 13 9 24 2 -1 -2
1 -1 8 18 14 10 24 4 -1 2 -1 7 18 13 9 23 3 -1 -2
1 -1 8 19 15 10 24 4 -1 2 -1 8 19 15 10 24 4 -1 3 -1 8 19 15 10 24 4 -1 4 -1 8 19 15 10 24 4 -1 5 -1 8 19 15 10 24 4 -1 -2
1 -1 7 18 14 10 24 4 -1 2 -1 7 18 15 10 24 4 -1 -2
1 -1 7 18 14 10 24 4 -1 2 -1 6 18 14 10 23 3 -1 -2
1 -1 8 18 14 11 24 4 -1 2 -1 8 18 14 11 24 4 -1 3 -1 8 18 14 10 24 4 -1 4 -1 8 17 14 10 24 4 -1 5 -1 7 17 14 10 24 3 -1 -2
1 -1 8 19 13 9 24 4 -1 2 -1 8 19 13 9 24 4 -1 3 -1 8 18 13 9 24 3 -1 -2
1 -1 8 18 14 9 24 4 -1 2 -1 7 18 14 9 24 3 -1 -2
1 -1 7 19 15 11 23 4 -1 2 -1 7 19 15 11 24 4 -1 3 -1 7 19 15 11 24 4 -1 4 -1 7 19 15 11 24 4 -1 5 -1 6 19 15 11 24 4 -1 -2
1 -1 8 19 14 10 24 4 -1 2 -1 8 19 15 10 24 4 -1 3 -1 8 19 14 10 23 4 -1 -2
1 -1 8 18 15 11 24 4 -1 2 -1 8 18 14 11 24 4 -1 3 -1 8 18 14 10 24 4 -1 4 -1 8 18 14 10 23 4 -1 5 -1 8 18 13 11 23 4 -1 -2
1 -1 7 17 13 9 24 3 -1 2 -1 7 17 13 9 24 3 -1 -2
1 -1 8 19 15 10 24 4 -1 2 -1 8 19 14 10 24 4 -1 3 -1 8 18 14 9 24 4 -1 4 -1 7 18 13 9 24 3 -1 -2
1 -1 8 19 14 10 24 4 -1 2 -1 8 18 14 11 24 4 -1 3 -1 8 18 14 10 24 4 -1 4 -1 8 18 14 10 24 4 -1 5 -1 8 18 14 10 23 4 -1 -2
1 -1 8 18 14 10 24 4 -1 2 -1 8 18 14 10 24 4 -1 3 -1 7 18 14 10 24 4 -1 4 -1 8 18 14 9 24 4 -1 5 -1 8 17 14 9 24 3 -1 -2
1 -1 7 19 14 10 24 4 -1 2 -1 8 19 15 10 24 4 -1 3 -1 8 19 15 10 24 4 -1 4 -1 8 19 14 10 24 4 -1 5 -1 8 19 15 10 24 4 -1 -2
1 -1 7 18 14 11 24 4 -1 2 -1 8 18 14 11 24 4 -1 3 -1 7 17 13 10 24 4 -1 -2
1 -1 8 18 14 9 24 3 -1 2 -1 8 18 14 9 23 4 -1 3 -1 7 18 14 9 24 3 -1 -2
1 -1 8 19 15 10 24 4 -1 2 -1 8 19 15 10 24 4 -1 3 -1 8 19 15 10 24 4 -1 4 -1 8 19 15 10 24 4 -1 5 -1 8 19 15 10 24 4 -1 -2
1 -1 8 18 14 10 23 4 -1 2 -1 8 18 14 10 23 4 -1 3 -1 7 18 14 9 23 4 -1 -2
1 -1 8 19 15 10 24 4 -1 2 -1 8 19 14 9 24 4 -1 3 -1 8 19 14 9 24 4 -1 -2
1 -1 7 18 15 11 24 4 -1 2 -1 7 18 14 10 23 4 -1 -2
1 -1 8 19 14 10 24 4 -1 2 -1 8 19 14 10 24 4 -1 3 -1 8 19 15 10 24 4 -1 4 -1 8 19 15 10 24 4 -1 5 -1 8 19 14 10 24 4 -1 -2
1 -1 7 18 14 10 24 4 -1 2 -1 7 18 14 10 24 4 -1 3 -1 7 18 14 10 24 4 -1 4 -1 7 18 14 10 24 4 -1 5 -1 7 18 14 10 24 4 -1 -2
1 -1 8 18 14 11 24 4 -1 2 -1 8 18 14 11 24 4 -1 3 -1 8 18 14 11 24 4 -1 4 -1 8 18 14 11 24 4 -1 5 -1 8 18 14 11 24 4 -1 -2
1 -1 8 19 14 10 24 4 -1 2 -1 7 17 13 9 23 3 -1 3 -1 7 17 13 9 24 3 -1 -2
1 -1 8 19 15 10 24 4 -1 2 -1 8 19 15 10 24 4 -1 3 -1 8 19 15 10 23 4 -1 4 -1 8 19 15 10 24 4 -1 5 -1 8 19 15 10 23 4 -1 -2
1 -1 8 19 14 10 24 4 -1 2 -1 8 19 14 10 24 4 -1 3 -1 8 19 15 10 24 4 -1 4 -1 8 19 14 9 24 4 -1 5 -1 8 18 14 9 24 4 -1 -2
1 -1 7 18 14 11 23 4 -1 2 -1 6 18 14 9 23 3 -1 -2
1 -1 8 18 13 9 24 3 -1 2 -1 7 17 13 9 24 2 -1 -2
1 -1 7 19 15 10 23 4 -1 2 -1 6 19 15 10 24 4 -1 -2
1 -1 8 18 14 10 23 4 -1 2 -1 8 18 14 10 23 4 -1 -2
1 -1 8 19 14 10 24 4 -1 2 -1 8 19 15 10 24 4 -1 3 -1 8 19 14 10 24 4 -1 4 -1 8 18 14 10 24 4 -1 5 -1 8 18 14 10 23 4 -1 -2
1 -1 7 19 14 9 23 4 -1 2 -1 7 18 14 9 23 3 -1 -2
1 -1 8 19 14 10 24 4 -1 2 -1 7 18 14 10 23 4 -1 -2
1 -1 7 18 14 10 23 4 -1 2 -1 6 18 14 10 23 4 -1 -2
1 -1 8 17 14 10 24 4 -1 2 -1 8 17 14 10 24 4 -1 3 -1 8 17 14 10 24 4 -1 4 -1 8 17 13 10 24 3 -1 5 -1 7 17 13 9 23 2 -1 -2
1 -1 8 18 14 9 24 4 -1 2 -1 7 18 13 9 24 3 -1 -2
1 -1 8 18 14 11 24 4 -1 2 -1 8 18 14 11 24 4 -1 3 -1 8 17 14 11 24 4 -1 4 -1 8 17 13 11 24 4 -1 5 -1 8 17 13 11 24 4 -1 -2
1 -1 8 18 15 11 24 4 -1 2 -1 8 18 15 11 24 4 -1 3 -1 8 18 15 11 24 4 -1 4 -1 8 18 15 11 24 4 -1 5 -1 8 18 15 11 24 4 -1 -2
1 -1 8 18 14 11 24 4 -1 2 -1 8 18 14 11 24 4 -1 3 -1 8 18 14 11 24 4 -1 4 -1 8 18 14 11 24 4 -1 5 -1 8 18 14 10 24 4 -1 -2
1 -1 7 18 14 10 23 4 -1 2 -1 7 18 14 10 24 3 -1 -2
1 -1 8 19 14 9 24 4 -1 2 -1 8 19 14 9 24 4 -1 -2
1 -1 8 18 14 10 23 4 -1 2 -1 8 18 14 10 23 4 -1 3 -1 8 18 14 10 24 4 -1 4 -1 8 18 14 10 23 4 -1 5 -1 7 17 14 10 23 3 -1 -2
1 -1 8 18 14 11 24 4 -1 2 -1 8 18 14 10 24 4 -1 3 -1 8 18 14 10 24 4 -1 4 -1 8 18 14 10 23 4 -1 5 -1 8 18 13 10 23 4 -1 -2
1 -1 8 19 14 10 24 4 -1 2 -1 8 18 14 9 24 4 -1 -2
1 -1 7 19 15 10 24 4 -1 2 -1 8 19 14 10 24 4 -1 3 -1 7 18 14 10 24 4 -1 4 -1 7 19 14 9 24 4 -1 5 -1 7 19 14 10 24 4 -1 -2
1 -1 7 18 14 11 24 4 -1 2 -1 7 18 14 11 24 4 -1 -2
1 -1 8 19 14 10 24 4 -1 2 -1 8 19 14 9 24 4 -1 3 -1 8 19 14 9 24 4 -1 -2
1 -1 8 19 14 10 24 4 -1 2 -1 8 19 14 10 23 4 -1 3 -1 8 19 14 10 24 4 -1 4 -1 8 19 15 10 24 4 -1 5 -1 8 19 15 10 24 4 -1 -2
1 -1 7 19 15 11 23 4 -1 2 -1 6 19 15 11 24 4 -1 3 -1 5 19 15 11 24 4 -1 4 -1 6 19 14 9 24 3 -1 -2
1 -1 7 18 14 10 24 4 -1 2 -1 7 18 14 10 24 4 -1 3 -1 7 18 14 10 24 3 -1 4 -1 7 17 13 9 24 3 -1 5 -1 7 17 13 9 24 3 -1 -2
1 -1 7 19 15 11 24 4 -1 2 -1 7 19 14 10 24 4 -1 3 -1 6 19 14 10 24 4 -1 4 -1 5 17 13 9 24 2 -1 -2
1 -1 7 18 14 10 23 4 -1 2 -1 6 18 14 10 23 3 -1 -2
1 -1 8 19 15 10 24 4 -1 2 -1 8 18 15 10 24 4 -1 3 -1 8 18 14 10 23 4 -1 4 -1 8 18 14 10 24 4 -1 5 -1 8 19 14 10 24 4 -1 -2
1 -1 8 18 14 11 24 4 -1 2 -1 8 18 14 11 24 4 -1 3 -1 8 18 14 11 24 4 -1 4 -1 8 18 15 11 24 4 -1 5 -1 7 18 14 11 24 4 -1 -2
1 -1 7 18 14 10 24 4 -1 2 -1 7 18 14 10 24 4 -1 3 -1 7 18 14 10 24 4 -1 4 -1 7 18 14 10 24 4 -1 -2
1 -1 7 18 14 10 23 4 -1 2 -1 8 18 14 10 24 4 -1 3 -1 7 18 14 10 23 4 -1 -2
1 -1 8 19 14 10 24 4 -1 2 -1 8 19 14 10 24 4 -1 3 -1 8 19 14 9 24 4 -1 4 -1 8 19 14 9 24 4 -1 5 -1 8 18 13 9 24 3 -1 -2
1 -1 8 19 14 10 24 4 -1 2 -1 8 19 14 10 24 4 -1 3 -1 8 19 14 10 24 4 -1 4 -1 8 19 14 10 24 4 -1 5 -1 8 19 14 10 24 4 -1 -2
1 -1 8 18 14 11 24 4 -1 2 -1 8 18 14 10 24 4 -1 3 -1 8 18 14 10 24 4 -1 4 -1 8 18 14 10 24 4 -1 5 -1 8 18 14 10 24 4 -1 -2
1 -1 8 18 14 11 24 4 -1 2 -1 7 18 14 10 24 4 -1 3 -1 7 18 14 10 23 4 -1 4 -1 7 18 14 10 24 4 -1 5 -1 7 18 14 10 23 4 -1 -2
1 -1 7 18 14 10 24 4 -1 2 -1 7 18 14 10 23 3 -1 -2
1 -1 8 19 15 10 24 4 -1 2 -1 8 19 15 10 24 4 -1 3 -1 7 19 14 9 24 4 -1 -2
1 -1 5 18 13 9 23 3 -1 2 -1 6 18 13 9 23 3 -1 3 -1 5 17 13 9 24 2 -1 4 -1 5 17 13 9 24 2 -1 5 -1 5 17 13 9 23 1 -1 -2
1 -1 7 18 14 11 23 4 -1 2 -1 7 18 14 10 23 4 -1 -2
1 -1 8 18 14 10 24 4 -1 2 -1 8 18 14 10 23 4 -1 -2
1 -1 8 19 14 10 24 4 -1 2 -1 7 19 14 10 23 4 -1 3 -1 7 18 14 10 24 4 -1 4 -1 7 18 14 10 23 4 -1 5 -1 7 18 14 10 23 4 -1 -2
1 -1 6 19 15 11 24 4 -1 2 -1 5 19 15 11 24 4 -1 3 -1 5 18 15 11 24 4 -1 -2
1 -1 8 19 15 10 24 4 -1 2 -1 8 19 14 10 24 4 -1 3 -1 8 19 14 10 24 4 -1 4 -1 8 19 14 10 24 4 -1 5 -1 8 19 15 10 24 4 -1 -2
1 -1 7 17 13 10 23 3 -1 2 -1 7 17 14 10 23 3 -1 -2
1 -1 7 19 15 10 24 4 -1 2 -1 6 19 15 11 23 4 -1 -2
1 -1 8 19 15 10 24 4 -1 2 -1 8 19 14 10 24 4 -1 3 -1 8 18 14 10 24 4 -1 4 -1 8 18 14 9 24 4 -1 5 -1 8 18 14 9 24 4 -1 -2
1 -1 8 19 15 10 24 4 -1 2 -1 8 19 15 10 24 4 -1 3 -1 8 19 15 10 24 4 -1 4 -1 8 19 15 10 24 4 -1 5 -1 8 19 15 10 24 4 -1 -2
1 -1 8 18 14 9 24 4 -1 2 -1 8 18 15 10 24 4 -1 3 -1 8 19 14 10 24 4 -1 4 -1 8 18 15 10 24 4 -1 5 -1 8 18 14 10 24 4 -1 -2
1 -1 8 19 13 9 23 3 -1 2 -1 8 19 14 9 23 3 -1 -2
1 -1 7 18 14 10 23 4 -1 2 -1 7 18 15 9 24 4 -1 -2
1 -1 7 19 15 11 24 4 -1 2 -1 7 19 15 11 23 4 -1 3 -1 7 18 15 11 24 4 -1 4 -1 7 18 14 11 24 4 -1 5 -1 6 18 14 11 24 4 -1 -2
1 -1 7 18 14 11 24 4 -1 2 -1 7 18 14 11 24 4 -1 -2
1 -1 8 18 14 10 24 4 -1 2 -1 8 18 15 10 23 4 -1 3 -1 7 18 14 9 23 3 -1 -2
1 -1 8 19 15 10 24 4 -1 2 -1 8 19 15 10 23 4 -1 3 -1 8 19 14 10 23 4 -1 4 -1 8 19 14 10 24 4 -1 5 -1 7 19 14 10 24 4 -1 -2
1 -1 6 19 15 11 24 4 -1 2 -1 6 18 14 10 24 3 -1 -2
1 -1 7 18 14 10 23 4 -1 2 -1 7 18 14 10 23 3 -1 3 -1 6 18 14 10 23 3 -1 -2
1 -1 8 19 14 9 23 4 -1 2 -1 8 18 14 9 24 4 -1 3 -1 8 18 14 9 23 3 -1 -2
1 -1 8 19 14 10 24 4 -1 2 -1 8 19 14 9 24 4 -1 3 -1 7 19 14 9 24 4 -1 4 -1 7 19 14 9 24 3 -1 -2
1 -1 8 18 14 10 24 4 -1 2 -1 8 18 14 10 24 4 -1 -2
1 -1 8 18 14 11 24 4 -1 2 -1 8 18 14 10 23 4 -1 -2
1 -1 7 17 14 11 24 4 -1 2 -1 7 17 14 10 23 3 -1 3 -1 7 17 14 9 23 3 -1 -2
1 -1 7 19 14 10 24 4 -1 2 -1 7 19 14 10 24 4 -1 3 -1 6 19 14 10 24 4 -1 4 -1 6 19 14 10 24 3 -1 5 -1 5 19 14 9 23 3 -1 -2
1 -1 6 19 15 11 24 4 -1 2 -1 5 19 15 10 24 4 -1 -2
1 -1 8 18 14 10 24 4 -1 2 -1 8 18 14 10 23 4 -1 -2
1 -1 8 18 14 11 24 4 -1 2 -1 8 18 14 10 24 4 -1 3 -1 8 18 14 10 24 4 -1 4 -1 8 18 14 11 24 4 -1 5 -1 8 18 14 11 24 4 -1 -2
1 -1 7 19 14 10 24 4 -1 2 -1 7 19 14 9 24 4 -1 3 -1 7 19 14 9 24 4 -1 4 -1 7 19 13 9 24 3 -1 5 -1 6 19 13 9 23 3 -1 -2
1 -1 8 19 15 10 24 4 -1 2 -1 8 19 15 10 24 4 -1 -2
1 -1 8 18 14 11 24 4 -1 2 -1 8 18 14 10 24 4 -1 3 -1 8 17 14 9 24 3 -1 4 -1 8 18 14 10 24 4 -1 5 -1 7 17 14 9 24 3 -1 -2
1 -1 8 17 13 11 24 3 -1 2 -1 8 17 13 11 24 3 -1 -2
1 -1 7 19 15 11 24 4 -1 2 -1 7 19 15 11 24 4 -1 -2
1 -1 7 17 13 10 24 3 -1 2 -1 6 17 13 9 24 3 -1 -2
1 -1 8 18 14 11 24 4 -1 2 -1 8 18 14 11 24 4 -1 3 -1 8 18 13 11 24 4 -1 4 -1 8 17 13 11 24 3 -1 5 -1 8 17 13 11 24 3 -1 -2
1 -1 7 18 14 9 24 3 -1 2 -1 6 17 13 9 23 2 -1 3 -1 6 17 13 9 23 2 -1 -2
1 -1 8 18 14 10 24 4 -1 2 -1 8 18 14 10 24 4 -1 3 -1 8 18 14 10 23 4 -1 4 -1 8 17 13 9 23 3 -1 5 -1 8 17 13 9 23 3 -1 -2
1 -1 6 19 15 11 24 4 -1 2 -1 5 19 15 11 24 4 -1 3 -1 5 19 15 11 23 4 -1 -2
1 -1 8 19 14 9 24 4 -1 2 -1 8 19 14 9 24 4 -1 3 -1 8 19 13 9 24 4 -1 -2
1 -1 7 19 15 11 24 4 -1 2 -1 7 19 15 11 23 4 -1 -2
1 -1 8 18 14 11 24 4 -1 2 -1 8 17 14 10 24 3 -1 3 -1 7 17 13 10 23 3 -1 4 -1 8 17 13 10 23 3 -1 -2
1 -1 8 18 15 11 24 4 -1 2 -1 7 18 14 9 24 3 -1 -2
1 -1 8 19 15 10 24 4 -1 2 -1 8 18 15 10 23 4 -1 3 -1 8 18 14 9 24 4 -1 4 -1 8 18 13 9 24 3 -1 5 -1 8 18 13 9 24 3 -1 -2
1 -1 7 18 14 10 24 3 -1 2 -1 7 17 14 9 23 3 -1 3 -1 6 17 13 9 24 3 -1 -2
1 -1 7 18 14 9 23 4 -1 2 -1 7 18 14 9 23 3 -1 -2
1 -1 8 18 14 11 24 4 -1 2 -1 8 18 13 10 24 4 -1 -2
1 -1 7 18 14 11 24 4 -1 2 -1 7 18 14 11 24 4 -1 -2
1 -1 7 18 14 10 24 4 -1 2 -1 7 18 14 10 24 4 -1 -2
1 -1 8 19 14 10 24 4 -1 2 -1 8 19 14 10 24 4 -1 3 -1 8 19 14 10 24 4 -1 4 -1 8 18 13 9 24 3 -1 -2
1 -1 8 18 14 11 24 4 -1 2 -1 8 18 14 10 24 4 -1 3 -1 8 18 14 10 24 4 -1 4 -1 7 18 14 10 24 4 -1 5 -1 8 18 13 10 24 4 -1 -2
1 -1 8 19 14 10 24 4 -1 2 -1 8 19 14 10 24 4 -1 3 -1 8 19 14 9 23 4 -1 4 -1 8 19 14 9 23 4 -1 5 -1 8 19 14 9 24 4 -1 -2
1 -1 8 19 14 10 24 4 -1 2 -1 8 19 15 10 24 4 -1 3 -1 8 18 15 10 24 4 -1 4 -1 8 18 15 10 24 4 -1 5 -1 8 18 15 10 24 4 -1 -2
1 -1 7 19 14 10 23 4 -1 2 -1 6 19 15 10 23 4 -1 3 -1 5 19 14 9 23 3 -1 4 -1 5 18 14 9 23 3 -1 -2
1 -1 7 18 14 10 23 4 -1 2 -1 7 18 14 10 23 3 -1 -2
1 -1 8 18 14 11 24 4 -1 2 -1 8 18 14 10 24 4 -1 3 -1 8 18 13 10 23 3 -1 4 -1 7 18 13 9 24 3 -1 5 -1 7 17 13 9 24 3 -1 -2
1 -1 7 18 14 10 24 4 -1 2 -1 7 18 14 10 24 4 -1 3 -1 7 18 14 10 24 4 -1 4 -1 7 18 14 10 24 4 -1 5 -1 7 18 14 10 23 3 -1 -2
1 -1 8 18 14 11 24 4 -1 2 -1 8 18 14 11 24 4 -1 -2
1 -1 8 19 14 10 24 4 -1 2 -1 8 19 14 10 24 4 -1 3 -1 8 19 13 10 24 4 -1 4 -1 8 19 13 9 24 4 -1 5 -1 8 19 13 9 23 3 -1 -2
1 -1 8 19 14 9 24 4 -1 2 -1 8 18 13 9 24 3 -1 3 -1 8 18 13 9 24 3 -1 -2
1 -1 8 19 14 10 24 4 -1 2 -1 8 19 14 10 24 4 -1 3 -1 7 18 14 9 23 4 -1 4 -1 7 17 14 9 24 3 -1 5 -1 7 18 14 9 24 3 -1 -2
1 -1 8 18 14 10 24 4 -1 2 -1 8 18 14 10 24 4 -1 -2
1 -1 7 18 14 10 24 4 -1 2 -1 7 18 14 10 24 4 -1 3 -1 5 17 13 10 23 3 -1 4 -1 5 17 13 9 23 1 -1 -2
1 -1 8 18 14 11 24 4 -1 2 -1 8 18 14 11 24 4 -1 3 -1 8 18 14 10 24 4 -1 4 -1 8 18 14 10 24 4 -1 5 -1 8 18 14 11 24 4 -1 -2
1 -1 8 18 14 10 24 4 -1 2 -1 8 18 13 9 24 3 -1 -2
1 -1 8 18 14 10 24 4 -1 2 -1 8 17 13 9 24 3 -1 -2
1 -1 6 18 14 10 24 4 -1 2 -1 6 18 14 10 24 4 -1 3 -1 6 18 14 9 24 3 -1 4 -1 6 18 14 9 24 3 -1 5 -1 6 17 13 9 24 3 -1 -2
1 -1 7 18 14 11 24 4 -1 2 -1 7 18 14 11 24 4 -1 3 -1 7 18 14 11 24 4 -1 4 -1 7 18 14 10 24 4 -1 5 -1 7 18 14 10 24 4 -1 -2
1 -1 8 19 15 10 24 4 -1 2 -1 8 19 15 10 24 4 -1 3 -1 8 19 15 10 24 4 -1 4 -1 8 19 15 10 24 4 -1 5 -1 8 19 15 10 24 4 -1 -2
1 -1 8 18 14 10 24 4 -1 2 -1 8 17 14 9 24 3 -1 -2
1 -1 8 19 14 10 24 4 -1 2 -1 8 19 14 10 24 4 -1 3 -1 8 19 15 10 24 4 -1 4 -1 8 19 14 10 24 4 -1 5 -1 8 18 15 10 24 4 -1 -2
1 -1 8 19 15 10 24 4 -1 2 -1 8 19 14 10 24 4 -1 3 -1 8 19 14 10 24 4 -1 4 -1 8 19 14 10 24 4 -1 5 -1 8 18 14 10 24 4 -1 -2
1 -1 7 18 14 10 24 4 -1 2 -1 6 18 14 9 24 3 -1 3 -1 7 18 14 9 24 3 -1 4 -1 6 18 13 10 23 3 -1 -2
1 -1 8 19 14 10 24 4 -1 2 -1 8 19 14 9 24 4 -1 3 -1 8 19 14 9 24 4 -1 4 -1 8 19 14 9 24 4 -1 5 -1 8 19 13 9 23 3 -1 -2
1 -1 6 18 14 10 23 3 -1 2 -1 6 18 13 10 24 3 -1 3 -1 6 18 13 9 24 2 -1 -2
1 -1 8 18 14 9 24 4 -1 2 -1 8 18 14 9 23 3 -1 -2
1 -1 8 19 15 10 24 4 -1 2 -1 8 19 15 10 24 4 -1 3 -1 8 18 15 10 24 4 -1 4 -1 8 19 15 10 24 4 -1 5 -1 8 19 14 10 24 4 -1 -2
1 -1 8 18 14 10 24 4 -1 2 -1 7 18 14 10 24 4 -1 -2
1 -1 6 18 14 9 24 3 -1 2 -1 6 18 14 9 24 3 -1 -2
1 -1 8 18 14 10 24 4 -1 2 -1 8 18 14 10 24 4 -1 3 -1 8 18 13 10 24 3 -1 4 -1 7 17 13 9 24 3 -1 5 -1 7 17 13 9 24 2 -1 -2
1 -1 7 18 14 10 24 4 -1 2 -1 7 18 14 9 24 3 -1 3 -1 7 17 13 9 23 2 -1 -2
1 -1 8 19 14 10 24 4 -1 2 -1 8 19 14 10 24 4 -1 3 -1 8 19 14 9 24 4 -1 4 -1 8 19 14 9 24 4 -1 5 -1 8 19 14 9 24 4 -1 -2
1 -1 7 19 14 10 24 4 -1 2 -1 6 18 13 9 24 3 -1 -2
1 -1 7 18 14 10 24 4 -1 2 -1 7 17 13 9 23 3 -1 3 -1 7 17 13 9 23 2 -1 -2
1 -1 7 19 14 11 24 4 -1 2 -1 7 19 14 11 24 4 -1 3 -1 7 18 14 11 24 4 -1 -2
1 -1 7 18 14 10 24 4 -1 2 -1 7 18 14 10 23 3 -1 -2
1 -1 7 17 13 9 23 3 -1 2 -1 7 17 13 9 23 3 -1 3 -1 7 17 13 9 23 3 -1 4 -1 7 17 14 10 23 3 -1 5 -1 7 17 13 9 24 3 -1 -2
1 -1 6 19 15 10 24 4 -1 2 -1 6 19 15 10 24 4 -1 3 -1 6 19 15 10 24 4 -1 4 -1 5 19 15 10 24 4 -1 5 -1 5 19 15 9 23 3 -1 -2
1 -1 7 18 14 10 23 4 -1 2 -1 7 18 14 10 23 4 -1 -2
1 -1 8 18 13 9 24 3 -1 2 -1 7 18 13 9 23 3 -1 3 -1 7 18 13 9 23 3 -1 -2
1 -1 7 18 14 9 23 3 -1 2 -1 7 18 14 9 23 3 -1 3 -1 7 18 14 9 23 3 -1 4 -1 7 18 14 9 24 4 -1 -2
1 -1 8 19 14 10 24 4 -1 2 -1 8 18 14 10 24 4 -1 3 -1 8 18 14 10 24 4 -1 4 -1 8 18 14 10 24 4 -1 5 -1 8 18 14 9 24 4 -1 -2
1 -1 8 19 15 10 24 4 -1 2 -1 8 19 15 10 24 4 -1 3 -1 8 19 15 9 24 4 -1 4 -1 8 19 15 9 24 4 -1 -2
1 -1 8 18 14 11 24 4 -1 2 -1 8 18 14 11 24 4 -1 3 -1 8 17 13 11 24 4 -1 4 -1 8 17 13 11 24 4 -1 -2
1 -1 7 19 15 11 24 4 -1 2 -1 6 19 15 11 23 4 -1 -2
1 -1 8 18 14 10 24 4 -1 2 -1 8 18 14 10 24 4 -1 3 -1 8 17 14 9 23 3 -1 -2
1 -1 7 18 14 9 23 3 -1 2 -1 7 18 14 9 24 3 -1 3 -1 7 18 14 9 24 4 -1 -2
1 -1 8 18 13 9 24 3 -1 2 -1 8 19 14 9 24 4 -1 -2
1 -1 8 19 14 11 24 4 -1 2 -1 8 19 14 11 24 4 -1 3 -1 8 18 14 11 24 4 -1 4 -1 8 18 14 11 24 4 -1 5 -1 8 18 14 11 24 4 -1 -2
1 -1 8 18 14 10 24 4 -1 2 -1 8 18 14 10 24 4 -1 3 -1 8 18 14 9 24 4 -1 -2
1 -1 8 19 15 10 24 4 -1 2 -1 8 19 15 10 24 4 -1 3 -1 8 18 14 9 24 4 -1 4 -1 7 17 14 9 23 3 -1 -2
1 -1 8 18 14 11 24 4 -1 2 -1 8 18 14 11 23 4 -1 3 -1 8 18 14 11 24 4 -1 4 -1 8 18 14 10 23 4 -1 -2
1 -1 8 17 14 11 24 4 -1 2 -1 8 17 14 10 24 3 -1 3 -1 7 17 14 9 24 3 -1 4 -1 7 17 13 9 24 3 -1 5 -1 6 17 13 9 23 2 -1 -2
1 -1 8 19 15 10 24 4 -1 2 -1 8 19 15 10 24 4 -1 3 -1 8 19 14 10 24 4 -1 4 -1 8 19 14 10 24 4 -1 5 -1 8 19 14 10 24 4 -1 -2
1 -1 8 18 14 10 24 4 -1 2 -1 7 18 14 10 24 4 -1 -2
1 -1 8 19 15 10 24 4 -1 2 -1 8 18 14 10 23 4 -1 3 -1 7 18 13 9 23 3 -1 -2
1 -1 8 18 14 10 24 4 -1 2 -1 8 19 15 10 24 4 -1 3 -1 8 18 14 10 24 4 -1 4 -1 8 18 14 9 24 4 -1 5 -1 8 18 14 9 23 4 -1 -2
1 -1 8 19 14 10 24 4 -1 2 -1 8 19 14 10 24 4 -1 3 -1 8 19 14 10 24 4 -1 4 -1 8 19 14 9 24 4 -1 5 -1 8 19 14 9 24 4 -1 -2
1 -1 7 18 14 10 24 4 -1 2 -1 8 18 14 10 24 4 -1 3 -1 7 17 13 9 23 2 -1 -2
1 -1 8 18 14 11 24 4 -1 2 -1 8 18 14 11 24 4 -1 3 -1 8 18 14 10 24 4 -1 -2
1 -1 8 19 15 10 24 4 -1 2 -1 8 19 15 10 24 4 -1 3 -1 8 19 14 9 24 4 -1 4 -1 8 19 14 9 24 4 -1 5 -1 8 19 14 9 24 4 -1 -2
1 -1 7 18 14 10 23 3 -1 2 -1 7 18 14 10 23 4 -1 3 -1 7 18 14 10 23 4 -1 4 -1 7 18 14 10 23 4 -1 5 -1 7 18 14 10 23 4 -1 -2
1 -1 8 18 14 11 24 4 -1 2 -1 8 18 14 11 24 4 -1 3 -1 8 17 14 10 24 4 -1 4 -1 8 17 14 10 24 3 -1 -2
1 -1 8 18 14 10 24 4 -1 2 -1 8 19 15 10 24 4 -1 3 -1 8 18 15 10 24 4 -1 4 -1 8 19 15 10 24 4 -1 5 -1 8 19 15 10 24 4 -1 -2
1 -1 8 19 14 9 24 4 -1 2 -1 8 19 15 9 24 4 -1 3 -1 8 19 14 9 24 4 -1 4 -1 8 19 14 10 24 4 -1 5 -1 8 19 14 10 24 4 -1 -2
1 -1 8 19 15 10 24 4 -1 2 -1 8 19 14 9 24 4 -1 3 -1 8 19 14 9 24 4 -1 4 -1 8 18 13 9 24 3 -1 -2
1 -1 7 18 14 10 24 4 -1 2 -1 7 18 14 10 24 4 -1 -2
1 -1 8 18 14 10 24 4 -1 2 -1 8 18 13 9 24 3 -1 -2
1 -1 8 18 14 9 24 4 -1 2 -1 8 18 14 9 24 3 -1 3 -1 8 18 14 9 24 3 -1 4 -1 8 18 14 9 24 3 -1 5 -1 8 18 14 9 24 3 -1 -2
1 -1 8 19 14 10 24 4 -1 2 -1 8 19 14 10 24 4 -1 3 -1 8 19 14 10 24 4 -1 4 -1 8 19 15 10 24 4 -1 5 -1 8 19 15 10 24 4 -1 -2
1 -1 8 19 15 10 24 4 -1 2 -1 8 19 14 10 24 4 -1 3 -1 8 19 14 9 24 4 -1 4 -1 8 19 14 9 24 4 -1 5 -1 8 19 14 9 24 4 -1 -2
1 -1 8 18 14 9 24 4 -1 2 -1 8 18 13 9 24 4 -1 3 -1 7 18 13 9 24 3 -1 -2
1 -1 8 18 14 11 24 4 -1 2 -1 7 17 14 9 24 3 -1 -2
1 -1 8 19 14 10 24 4 -1 2 -1 8 19 14 10 24 4 -1 3 -1 8 19 14 9 24 4 -1 4 -1 8 19 14 9 24 4 -1 5 -1 8 18 14 9 23 3 -1 -2
1 -1 7 19 15 11 24 4 -1 2 -1 7 19 15 11 24 4 -1 -2
1 -1 7 19 15 11 24 4 -1 2 -1 7 18 14 10 24 4 -1 -2
1 -1 8 19 14 10 24 4 -1 2 -1 8 19 14 10 24 4 -1 3 -1 8 19 14 10 24 4 -1 4 -1 8 19 14 10 24 4 -1 5 -1 8 19 14 9 24 4 -1 -2
1 -1 8 18 14 11 24 4 -1 2 -1 8 18 14 10 24 4 -1 3 -1 8 18 14 10 24 4 -1 4 -1 7 18 14 10 24 4 -1 5 -1 7 18 14 10 24 4 -1 -2
1 -1 7 19 15 10 24 4 -1 2 -1 7 19 15 10 24 4 -1 3 -1 6 19 15 11 24 4 -1 -2
1 -1 6 19 15 10 24 4 -1 2 -1 6 18 14 10 23 3 -1 -2
1 -1 8 18 14 9 24 3 -1 2 -1 8 18 13 9 24 3 -1 3 -1 8 17 13 9 24 3 -1 4 -1 8 17 13 9 24 3 -1 5 -1 8 17 13 9 24 3 -1 -2
1 -1 8 19 15 10 24 4 -1 2 -1 8 17 13 9 23 3 -1 -2
1 -1 8 19 15 9 24 4 -1 2 -1 8 19 14 9 24 4 -1 3 -1 8 19 14 9 24 4 -1 4 -1 8 19 14 9 24 4 -1 5 -1 8 19 14 9 24 4 -1 -2
1 -1 8 19 14 9 24 4 -1 2 -1 8 19 14 9 24 4 -1 -2
1 -1 7 19 15 11 24 4 -1 2 -1 7 19 15 11 24 4 -1 3 -1 7 19 15 11 24 4 -1 4 -1 6 19 15 11 24 4 -1 5 -1 6 19 15 11 24 4 -1 -2
1 -1 8 19 14 9 24 4 -1 2 -1 8 19 15 9 24 4 -1 3 -1 8 19 14 9 24 4 -1 4 -1 8 19 14 9 24 4 -1 5 -1 8 19 14 9 24 4 -1 -2
1 -1 8 19 15 9 24 4 -1 2 -1 8 19 14 9 24 4 -1 3 -1 8 19 14 9 24 4 -1 4 -1 8 19 14 9 24 4 -1 5 -1 8 19 14 9 24 4 -1 -2
1 -1 8 18 14 11 24 4 -1 2 -1 8 18 14 11 24 4 -1 3 -1 8 18 14 11 24 4 -1 4 -1 8 18 14 11 24 4 -1 5 -1 8 18 14 11 24 4 -1 -2
1 -1 8 18 14 11 24 4 -1 2 -1 8 18 14 10 24 4 -1 3 -1 7 17 13 9 24 3 -1 -2
1 -1 7 18 14 9 23 3 -1 2 -1 7 18 14 9 23 3 -1 -2
1 -1 8 18 14 10 24 4 -1 2 -1 7 18 14 10 24 4 -1 3 -1 7 18 14 10 24 4 -1 4 -1 7 18 14 10 24 4 -1 5 -1 7 18 14 10 24 4 -1 -2
1 -1 7 17 13 9 24 3 -1 2 -1 7 17 13 9 24 3 -1 3 -1 7 17 13 9 24 3 -1 4 -1 7 17 13 9 24 3 -1 5 -1 7 17 13 9 24 3 -1 -2
1 -1 8 18 14 11 24 4 -1 2 -1 8 18 14 11 24 4 -1 3 -1 8 18 14 11 24 4 -1 -2
1 -1 8 19 15 10 24 4 -1 2 -1 8 19 14 10 24 4 -1 3 -1 8 19 14 10 24 4 -1 4 -1 8 19 14 10 24 4 -1 5 -1 8 19 14 10 24 4 -1 -2
1 -1 8 19 15 10 24 4 -1 2 -1 8 19 15 10 24 4 -1 3 -1 8 19 14 10 24 4 -1 4 -1 8 19 14 9 24 4 -1 5 -1 8 19 14 9 24 4 -1 -2
1 -1 7 18 13 9 24 3 -1 2 -1 7 17 13 9 24 3 -1 -2
1 -1 8 18 14 11 24 4 -1 2 -1 8 18 14 11 23 4 -1 -2
1 -1 8 19 14 10 24 4 -1 2 -1 8 19 14 10 24 4 -1 3 -1 8 19 14 10 24 4 -1 4 -1 8 19 14 10 24 4 -1 5 -1 8 18 14 10 24 4 -1 -2
1 -1 7 18 15 11 23 4 -1 2 -1 7 18 14 11 23 4 -1 -2
1 -1 8 19 15 11 24 4 -1 2 -1 8 18 15 11 24 4 -1 3 -1 8 18 14 11 24 4 -1 4 -1 8 18 14 11 24 4 -1 5 -1 8 18 14 11 24 4 -1 -2
1 -1 8 18 15 11 24 4 -1 2 -1 8 18 14 10 24 4 -1 3 -1 8 17 14 9 23 3 -1 -2
1 -1 6 17 13 9 23 2 -1 2 -1 6 17 13 9 23 2 -1 3 -1 5 17 13 9 23 2 -1 -2
1 -1 8 19 15 10 24 4 -1 2 -1 8 19 15 9 24 4 -1 3 -1 8 19 14 9 24 4 -1 -2
1 -1 8 19 15 10 24 4 -1 2 -1 8 19 14 10 24 4 -1 3 -1 8 19 14 9 24 4 -1 4 -1 8 19 14 9 24 4 -1 5 -1 8 18 13 9 24 3 -1 -2
1 -1 8 18 14 10 24 4 -1 2 -1 8 18 14 10 24 4 -1 3 -1 8 18 14 10 24 4 -1 4 -1 8 18 14 10 24 4 -1 5 -1 8 18 14 10 24 4 -1 -2
1 -1 7 19 14 10 24 4 -1 2 -1 7 18 14 10 24 4 -1 3 -1 6 18 14 10 24 4 -1 -2
1 -1 8 19 14 10 24 4 -1 2 -1 8 18 14 9 24 4 -1 3 -1 8 18 14 9 24 4 -1 -2
1 -1 6 19 15 10 24 4 -1 2 -1 5 18 14 10 24 3 -1 -2
1 -1 6 19 14 10 24 4 -1 2 -1 6 18 14 10 24 3 -1 3 -1 6 18 14 9 24 3 -1 4 -1 6 18 13 9 24 3 -1 -2
1 -1 7 19 15 11 24 4 -1 2 -1 7 18 15 11 23 4 -1 3 -1 7 18 14 11 23 4 -1 -2
1 -1 7 18 14 10 24 4 -1 2 -1 7 17 14 10 24 3 -1 3 -1 7 17 14 10 23 3 -1 4 -1 7 17 14 9 23 3 -1 -2
1 -1 6 19 15 11 24 4 -1 2 -1 6 19 15 11 24 4 -1 3 -1 5 19 14 10 23 3 -1 4 -1 5 18 15 11 24 4 -1 -2
1 -1 7 19 14 10 23 4 -1 2 -1 6 18 14 9 23 3 -1 -2
1 -1 8 17 14 9 24 3 -1 2 -1 8 18 14 9 23 3 -1 3 -1 8 17 14 9 23 3 -1 4 -1 8 17 14 9 23 3 -1 5 -1 8 17 13 9 23 3 -1 -2
1 -1 8 19 15 10 24 4 -1 2 -1 8 19 14 9 24 4 -1 3 -1 7 18 14 9 23 3 -1 -2
1 -1 7 19 15 11 24 4 -1 2 -1 7 18 15 11 24 4 -1 3 -1 7 18 14 11 24 4 -1 4 -1 7 18 14 11 24 4 -1 -2
1 -1 7 18 14 10 24 4 -1 2 -1 7 18 14 10 24 4 -1 3 -1 7 18 14 10 24 4 -1 4 -1 7 18 14 10 24 4 -1 5 -1 7 17 13 9 24 3 -1 -2
1 -1 8 19 15 10 24 4 -1 2 -1 8 18 14 10 24 4 -1 3 -1 8 19 14 10 24 4 -1 4 -1 8 19 14 9 24 4 -1 -2
1 -1 8 19 15 10 24 4 -1 2 -1 8 18 14 9 24 4 -1 3 -1 8 18 14 9 24 4 -1 -2
1 -1 8 19 15 10 24 4 -1 2 -1 8 19 14 10 23 4 -1 3 -1 8 18 14 10 23 4 -1 4 -1 8 18 14 10 23 4 -1 5 -1 8 18 14 10 24 4 -1 -2
1 -1 6 19 15 11 24 4 -1 2 -1 5 19 15 11 23 4 -1 -2
1 -1 8 18 15 11 24 4 -1 2 -1 8 18 14 10 24 4 -1 3 -1 8 18 14 10 24 4 -1 4 -1 8 18 14 10 24 4 -1 5 -1 8 18 14 10 24 4 -1 -2
1 -1 8 19 14 9 24 4 -1 2 -1 8 18 14 9 23 3 -1 3 -1 8 18 13 9 23 3 -1 4 -1 8 18 13 9 23 3 -1 -2
1 -1 8 18 14 11 24 4 -1 2 -1 8 18 14 11 24 4 -1 3 -1 8 18 14 11 24 4 -1 4 -1 8 18 14 11 24 4 -1 5 -1 8 17 14 11 24 4 -1 -2
1 -1 8 19 14 10 24 4 -1 2 -1 8 19 14 10 24 4 -1 3 -1 8 19 14 9 24 4 -1 4 -1 8 19 14 9 24 4 -1 5 -1 8 19 14 9 24 4 -1 -2
1 -1 8 19 15 10 24 4 -1 2 -1 8 19 15 9 24 4 -1 3 -1 8 19 15 9 24 4 -1 4 -1 8 19 14 9 24 4 -1 5 -1 8 19 14 9 24 4 -1 -2
1 -1 8 18 14 10 24 4 -1 2 -1 8 18 14 10 24 4 -1 3 -1 8 18 14 10 24 4 -1 4 -1 8 18 14 10 24 4 -1 5 -1 8 18 14 10 24 4 -1 -2
1 -1 7 19 15 11 24 4 -1 2 -1 6 18 14 10 24 4 -1 3 -1 7 18 14 10 24 4 -1 4 -1 7 18 14 10 23 4 -1 -2
1 -1 8 18 15 11 24 4 -1 2 -1 8 18 14 11 24 4 -1 3 -1 8 18 15 11 24 4 -1 4 -1 8 18 14 11 24 4 -1 5 -1 7 18 14 11 24 4 -1 -2
1 -1 7 18 14 10 23 4 -1 2 -1 7 18 14 10 23 4 -1 3 -1 6 18 14 10 23 3 -1 -2
1 -1 8 19 15 11 24 4 -1 2 -1 8 19 15 11 24 4 -1 3 -1 8 19 15 11 24 4 -1 4 -1 8 19 15 11 24 4 -1 5 -1 8 19 15 11 24 4 -1 -2
1 -1 8 18 14 9 24 4 -1 2 -1 8 19 14 9 24 4 -1 3 -1 8 19 14 9 24 4 -1 4 -1 8 19 14 9 24 4 -1 5 -1 8 18 14 9 24 4 -1 -2
1 -1 8 19 14 10 24 4 -1 2 -1 8 19 14 10 24 4 -1 3 -1 8 19 14 10 24 4 -1 4 -1 8 19 14 10 24 4 -1 -2
1 -1 8 18 14 11 24 4 -1 2 -1 7 18 14 10 24 3 -1 3 -1 6 18 14 10 24 3 -1 4 -1 7 18 14 10 24 4 -1 -2
1 -1 8 19 15 10 24 4 -1 2 -1 8 19 15 10 24 4 -1 3 -1 8 19 15 10 24 4 -1 4 -1 8 18 14 9 24 4 -1 5 -1 8 18 13 9 24 3 -1 -2
1 -1 7 17 14 9 23 3 -1 2 -1 7 17 13 9 23 3 -1 -2
1 -1 7 18 14 9 24 4 -1 2 -1 8 18 14 9 24 4 -1 3 -1 7 18 14 9 24 4 -1 -2
1 -1 8 18 14 9 23 3 -1 2 -1 8 18 14 9 24 4 -1 3 -1 8 18 13 9 24 3 -1 -2
1 -1 7 18 14 10 24 4 -1 2 -1 7 18 14 10 24 4 -1 3 -1 7 18 14 9 24 3 -1 -2
1 -1 8 18 14 10 24 4 -1 2 -1 8 17 14 10 24 4 -1 3 -1 7 17 14 10 24 3 -1 4 -1 7 17 13 10 23 3 -1 -2
1 -1 7 19 14 11 23 4 -1 2 -1 7 18 14 10 23 4 -1 -2
1 -1 7 19 15 11 24 4 -1 2 -1 6 19 15 11 24 4 -1 -2
1 -1 6 18 14 10 24 4 -1 2 -1 7 18 14 10 24 3 -1 -2
1 -1 7 18 14 9 24 4 -1 2 -1 7 18 14 9 23 3 -1 -2
1 -1 7 18 14 10 23 4 -1 2 -1 6 18 14 10 23 3 -1 -2
1 -1 8 19 15 10 24 4 -1 2 -1 8 19 15 10 24 4 -1 3 -1 8 19 15 9 24 4 -1 4 -1 8 19 15 10 24 4 -1 5 -1 8 19 15 10 24 4 -1 -2
1 -1 7 17 14 11 23 4 -1 2 -1 6 17 14 11 24 3 -1 3 -1 7 17 14 11 24 4 -1 -2
1 -1 8 18 14 10 24 4 -1 2 -1 8 18 14 10 24 4 -1 -2
1 -1 8 18 13 9 24 4 -1 2 -1 8 18 13 9 24 3 -1 3 -1 8 17 13 9 24 3 -1 -2
1 -1 8 19 15 10 24 4 -1 2 -1 8 19 15 10 24 4 -1 3 -1 8 19 15 10 24 4 -1 4 -1 8 19 15 10 24 4 -1 -2
1 -1 8 17 14 10 24 4 -1 2 -1 8 17 14 10 24 4 -1 -2
1 -1 8 18 14 10 23 4 -1 2 -1 8 17 14 10 23 3 -1 -2
1 -1 6 17 13 9 24 2 -1 2 -1 6 17 13 9 24 2 -1 3 -1 6 17 13 9 23 2 -1 4 -1 6 17 13 9 23 2 -1 -2
1 -1 7 18 14 10 24 4 -1 2 -1 6 18 14 10 24 3 -1 3 -1 6 18 14 9 24 3 -1 -2
1 -1 7 18 14 10 24 4 -1 2 -1 7 18 14 10 24 4 -1 -2
1 -1 7 18 14 10 23 3 -1 2 -1 7 18 14 10 23 3 -1 -2
1 -1 8 18 14 9 24 4 -1 2 -1 8 18 14 9 24 4 -1 3 -1 8 17 14 9 23 3 -1 -2
1 -1 7 19 14 10 23 4 -1 2 -1 6 18 14 9 23 3 -1 -2
1 -1 8 18 14 11 24 4 -1 2 -1 8 18 14 11 24 4 -1 3 -1 8 18 14 10 24 4 -1 -2
1 -1 8 18 14 10 24 4 -1 2 -1 8 18 14 9 24 4 -1 -2
1 -1 7 18 13 9 24 3 -1 2 -1 7 17 13 9 24 2 -1 -2
1 -1 8 18 14 10 24 4 -1 2 -1 8 17 14 9 24 3 -1 3 -1 8 17 13 9 23 3 -1 4 -1 7 17 13 9 23 3 -1 -2
1 -1 7 18 14 11 24 4 -1 2 -1 7 18 14 11 24 4 -1 3 -1 6 18 14 10 24 4 -1 4 -1 6 17 14 10 24 3 -1 -2
1 -1 7 19 15 11 24 4 -1 2 -1 5 19 15 11 24 4 -1 3 -1 5 19 15 11 24 4 -1 -2
1 -1 8 18 14 10 24 4 -1 2 -1 8 18 13 9 23 3 -1 3 -1 8 17 13 9 24 3 -1 -2
1 -1 8 18 14 9 24 4 -1 2 -1 8 18 13 9 23 3 -1 -2
1 -1 7 18 14 10 23 4 -1 2 -1 7 18 14 10 24 4 -1 3 -1 7 18 14 9 24 4 -1 4 -1 7 17 13 9 23 3 -1 -2
1 -1 8 17 14 10 24 4 -1 2 -1 8 17 14 10 24 3 -1 3 -1 8 17 14 10 24 3 -1 -2
1 -1 8 19 14 9 24 4 -1 2 -1 8 19 14 9 24 4 -1 3 -1 8 19 14 9 24 4 -1 -2
1 -1 8 18 13 9 23 3 -1 2 -1 8 17 13 9 23 3 -1 -2
1 -1 8 18 14 10 24 4 -1 2 -1 8 18 14 10 24 4 -1 3 -1 8 18 14 9 24 4 -1 -2
1 -1 8 18 14 10 24 4 -1 2 -1 7 18 14 10 24 4 -1 3 -1 7 18 13 9 24 3 -1 -2
1 -1 8 18 14 11 24 4 -1 2 -1 8 18 14 11 24 4 -1 3 -1 8 18 14 11 24 4 -1 -2
1 -1 8 19 14 10 24 4 -1 2 -1 8 19 14 10 24 4 -1 -2
1 -1 8 19 14 10 24 4 -1 2 -1 8 19 14 10 24 4 -1 3 -1 8 18 14 9 24 4 -1 -2
1 -1 8 18 14 10 24 4 -1 2 -1 8 18 14 10 24 4 -1 3 -1 8 18 14 11 24 4 -1 -2
1 -1 8 19 15 9 24 4 -1 2 -1 8 18 13 9 24 3 -1 -2
1 -1 8 18 14 9 24 3 -1 2 -1 8 17 14 9 24 3 -1 -2
1 -1 8 19 15 10 24 4 -1 2 -1 8 19 14 9 24 4 -1 -2
1 -1 8 18 14 10 23 4 -1 2 -1 8 18 14 10 23 4 -1 -2
1 -1 8 18 14 10 24 4 -1 2 -1 7 18 14 10 23 3 -1 -2
1 -1 8 19 14 10 24 4 -1 2 -1 8 18 14 9 24 4 -1 -2
1 -1 7 19 15 10 24 4 -1 2 -1 7 18 14 10 23 3 -1 -2
1 -1 8 17 13 10 24 3 -1 2 -1 8 17 13 10 24 3 -1 3 -1 7 17 13 10 24 3 -1 4 -1 7 17 13 10 24 3 -1 -2
1 -1 7 17 13 9 24 3 -1 2 -1 7 17 13 9 23 2 -1 -2
